          %pt            TT            TS            SS            Tot
        0.050    1.28141E-01    6.91450E-06    2.37594E-05    1.28172E-01
        0.064    1.28087E-01    9.68965E-06    2.76034E-05    1.28125E-01
        0.078    1.28020E-01    1.27713E-05    3.11063E-05    1.28064E-01
        0.092    1.27940E-01    1.61412E-05    3.43500E-05    1.27990E-01
        0.106    1.27846E-01    1.97856E-05    3.73884E-05    1.27903E-01
        0.120    1.27739E-01    2.36940E-05    4.02596E-05    1.27803E-01
        0.133    1.27619E-01    2.78580E-05    4.29921E-05    1.27690E-01
        0.147    1.27485E-01    3.22716E-05    4.56076E-05    1.27562E-01
        0.161    1.27336E-01    3.69297E-05    4.81233E-05    1.27422E-01
        0.175    1.27174E-01    4.18288E-05    5.05532E-05    1.27267E-01
        0.189    1.26998E-01    4.69661E-05    5.29085E-05    1.27098E-01
        0.203    1.26808E-01    5.23396E-05    5.51990E-05    1.26915E-01
        0.217    1.26602E-01    5.79481E-05    5.74325E-05    1.26717E-01
        0.231    1.26382E-01    6.37908E-05    5.96161E-05    1.26505E-01
        0.245    1.26146E-01    6.98676E-05    6.17554E-05    1.26277E-01
        0.259    1.25894E-01    7.61785E-05    6.38556E-05    1.26034E-01
        0.272    1.25627E-01    8.27242E-05    6.59210E-05    1.25775E-01
        0.286    1.25343E-01    8.95054E-05    6.79556E-05    1.25500E-01
        0.300    1.25042E-01    9.65234E-05    6.99625E-05    1.25208E-01
        0.314    1.24723E-01    1.03780E-04    7.19449E-05    1.24899E-01
        0.328    1.24387E-01    1.11275E-04    7.39052E-05    1.24572E-01
        0.342    1.24033E-01    1.19013E-04    7.58457E-05    1.24228E-01
        0.356    1.23660E-01    1.26995E-04    7.77686E-05    1.23865E-01
        0.370    1.23268E-01    1.35223E-04    7.96755E-05    1.23483E-01
        0.384    1.22856E-01    1.43700E-04    8.15682E-05    1.23081E-01
        0.398    1.22424E-01    1.52428E-04    8.34479E-05    1.22660E-01
        0.411    1.21972E-01    1.61412E-04    8.53161E-05    1.22219E-01
        0.425    1.21499E-01    1.70654E-04    8.71738E-05    1.21757E-01
        0.439    1.21005E-01    1.80159E-04    8.90222E-05    1.21274E-01
        0.453    1.20489E-01    1.89929E-04    9.08621E-05    1.20770E-01
        0.467    1.19951E-01    1.99970E-04    9.26944E-05    1.20244E-01
        0.481    1.19391E-01    2.10285E-04    9.45200E-05    1.19696E-01
        0.495    1.18809E-01    2.20881E-04    9.63395E-05    1.19126E-01
        0.509    1.18204E-01    2.31761E-04    9.81536E-05    1.18534E-01
        0.523    1.17575E-01    2.42932E-04    9.99629E-05    1.17918E-01
        0.537    1.16924E-01    2.54399E-04    1.01768E-04    1.17280E-01
        0.550    1.16249E-01    2.66169E-04    1.03570E-04    1.16619E-01
        0.564    1.15551E-01    2.78249E-04    1.05368E-04    1.15935E-01
        0.578    1.14829E-01    2.90646E-04    1.07164E-04    1.15227E-01
        0.592    1.14084E-01    3.03366E-04    1.08958E-04    1.14497E-01
        0.606    1.13316E-01    3.16419E-04    1.10751E-04    1.13743E-01
        0.620    1.12525E-01    3.29812E-04    1.12542E-04    1.12967E-01
        0.634    1.11710E-01    3.43555E-04    1.14333E-04    1.12168E-01
        0.648    1.10872E-01    3.57657E-04    1.16123E-04    1.11346E-01
        0.662    1.10012E-01    3.72127E-04    1.17914E-04    1.10502E-01
        0.676    1.09129E-01    3.86976E-04    1.19706E-04    1.09636E-01
        0.689    1.08224E-01    4.02214E-04    1.21499E-04    1.08748E-01
        0.703    1.07298E-01    4.17852E-04    1.23294E-04    1.07839E-01
        0.717    1.06350E-01    4.33903E-04    1.25091E-04    1.06909E-01
        0.731    1.05381E-01    4.50377E-04    1.26891E-04    1.05958E-01
        0.745    1.04392E-01    4.67289E-04    1.28695E-04    1.04988E-01
        0.759    1.03383E-01    4.84649E-04    1.30502E-04    1.03998E-01
        0.773    1.02355E-01    5.02472E-04    1.32313E-04    1.02989E-01
        0.787    1.01308E-01    5.20772E-04    1.34129E-04    1.01963E-01
        0.801    1.00243E-01    5.39562E-04    1.35951E-04    1.00918E-01
        0.815    9.91602E-02    5.58857E-04    1.37778E-04    9.98568E-02
        0.828    9.80611E-02    5.78673E-04    1.39612E-04    9.87794E-02
        0.842    9.69460E-02    5.99023E-04    1.41453E-04    9.76865E-02
        0.856    9.58157E-02    6.19924E-04    1.43301E-04    9.65789E-02
        0.870    9.46709E-02    6.41392E-04    1.45157E-04    9.54574E-02
        0.884    9.35124E-02    6.63442E-04    1.47022E-04    9.43229E-02
        0.898    9.23411E-02    6.86091E-04    1.48896E-04    9.31761E-02
        0.912    9.11577E-02    7.09355E-04    1.50779E-04    9.20178E-02
        0.926    8.99631E-02    7.33251E-04    1.52672E-04    9.08490E-02
        0.940    8.87581E-02    7.57795E-04    1.54576E-04    8.96705E-02
        0.954    8.75437E-02    7.83005E-04    1.56491E-04    8.84832E-02
        0.967    8.63205E-02    8.08897E-04    1.58418E-04    8.72879E-02
        0.981    8.50896E-02    8.35488E-04    1.60356E-04    8.60855E-02
        0.995    8.38518E-02    8.62795E-04    1.62307E-04    8.48769E-02
        1.009    8.26079E-02    8.90835E-04    1.64271E-04    8.36630E-02
        1.023    8.13589E-02    9.19623E-04    1.66248E-04    8.24447E-02
        1.037    8.01055E-02    9.49177E-04    1.68239E-04    8.12229E-02
        1.051    7.88487E-02    9.79512E-04    1.70244E-04    7.99984E-02
        1.065    7.75892E-02    1.01064E-03    1.72264E-04    7.87722E-02
        1.079    7.63281E-02    1.04259E-03    1.74298E-04    7.75449E-02
        1.093    7.50659E-02    1.07536E-03    1.76348E-04    7.63176E-02
        1.106    7.38037E-02    1.10898E-03    1.78412E-04    7.50911E-02
        1.120    7.25422E-02    1.14345E-03    1.80493E-04    7.38661E-02
        1.134    7.12822E-02    1.17879E-03    1.82589E-04    7.26436E-02
        1.148    7.00244E-02    1.21501E-03    1.84700E-04    7.14241E-02
        1.162    6.87697E-02    1.25212E-03    1.86828E-04    7.02087E-02
        1.176    6.75188E-02    1.29014E-03    1.88973E-04    6.89979E-02
        1.190    6.62724E-02    1.32908E-03    1.91133E-04    6.77926E-02
        1.204    6.50312E-02    1.36893E-03    1.93309E-04    6.65935E-02
        1.218    6.37959E-02    1.40972E-03    1.95502E-04    6.54011E-02
        1.232    6.25672E-02    1.45146E-03    1.97710E-04    6.42163E-02
        1.245    6.13456E-02    1.49413E-03    1.99935E-04    6.30397E-02
        1.259    6.01319E-02    1.53776E-03    2.02175E-04    6.18719E-02
        1.273    5.89266E-02    1.58234E-03    2.04431E-04    6.07134E-02
        1.287    5.77303E-02    1.62788E-03    2.06701E-04    5.95649E-02
        1.301    5.65436E-02    1.67438E-03    2.08987E-04    5.84269E-02
        1.315    5.53669E-02    1.72183E-03    2.11287E-04    5.73000E-02
        1.329    5.42007E-02    1.77024E-03    2.13602E-04    5.61846E-02
        1.343    5.30456E-02    1.81960E-03    2.15929E-04    5.50811E-02
        1.357    5.19020E-02    1.86990E-03    2.18270E-04    5.39902E-02
        1.371    5.07703E-02    1.92115E-03    2.20624E-04    5.29121E-02
        1.384    4.96509E-02    1.97332E-03    2.22988E-04    5.18472E-02
        1.398    4.85443E-02    2.02642E-03    2.25364E-04    5.07960E-02
        1.412    4.74507E-02    2.08042E-03    2.27751E-04    4.97588E-02
        1.426    4.63704E-02    2.13532E-03    2.30146E-04    4.87359E-02
        1.440    4.53039E-02    2.19109E-03    2.32551E-04    4.77275E-02
        1.454    4.42513E-02    2.24772E-03    2.34963E-04    4.67340E-02
        1.468    4.32130E-02    2.30519E-03    2.37381E-04    4.57556E-02
        1.482    4.21892E-02    2.36347E-03    2.39805E-04    4.47925E-02
        1.496    4.11801E-02    2.42255E-03    2.42234E-04    4.38449E-02
        1.510    4.01859E-02    2.48239E-03    2.44666E-04    4.29129E-02
        1.523    3.92067E-02    2.54296E-03    2.47100E-04    4.19967E-02
        1.537    3.82427E-02    2.60424E-03    2.49534E-04    4.10965E-02
        1.551    3.72942E-02    2.66619E-03    2.51969E-04    4.02123E-02
        1.565    3.63610E-02    2.72877E-03    2.54401E-04    3.93442E-02
        1.579    3.54435E-02    2.79195E-03    2.56830E-04    3.84923E-02
        1.593    3.45416E-02    2.85568E-03    2.59254E-04    3.76565E-02
        1.607    3.36554E-02    2.91993E-03    2.61672E-04    3.68370E-02
        1.621    3.27849E-02    2.98464E-03    2.64082E-04    3.60336E-02
        1.635    3.19302E-02    3.04977E-03    2.66482E-04    3.52465E-02
        1.649    3.10913E-02    3.11527E-03    2.68871E-04    3.44755E-02
        1.662    3.02682E-02    3.18109E-03    2.71247E-04    3.37205E-02
        1.676    2.94608E-02    3.24717E-03    2.73609E-04    3.29815E-02
        1.690    2.86691E-02    3.31345E-03    2.75953E-04    3.22585E-02
        1.704    2.78931E-02    3.37988E-03    2.78280E-04    3.15512E-02
        1.718    2.71327E-02    3.44639E-03    2.80586E-04    3.08596E-02
        1.732    2.63878E-02    3.51293E-03    2.82870E-04    3.01836E-02
        1.746    2.56583E-02    3.57942E-03    2.85129E-04    2.95229E-02
        1.760    2.49442E-02    3.64579E-03    2.87363E-04    2.88774E-02
        1.774    2.42454E-02    3.71198E-03    2.89568E-04    2.82469E-02
        1.788    2.35616E-02    3.77791E-03    2.91743E-04    2.76313E-02
        1.801    2.28929E-02    3.84352E-03    2.93885E-04    2.70303E-02
        1.815    2.22390E-02    3.90871E-03    2.95993E-04    2.64437E-02
        1.829    2.15998E-02    3.97342E-03    2.98064E-04    2.58713E-02
        1.843    2.09752E-02    4.03757E-03    3.00097E-04    2.53129E-02
        1.857    2.03650E-02    4.10107E-03    3.02089E-04    2.47681E-02
        1.871    1.97690E-02    4.16384E-03    3.04037E-04    2.42369E-02
        1.885    1.91871E-02    4.22579E-03    3.05940E-04    2.37188E-02
        1.899    1.86190E-02    4.28685E-03    3.07796E-04    2.32137E-02
        1.913    1.80647E-02    4.34692E-03    3.09602E-04    2.27212E-02
        1.927    1.75238E-02    4.40592E-03    3.11355E-04    2.22411E-02
        1.940    1.69963E-02    4.46375E-03    3.13055E-04    2.17731E-02
        1.954    1.64819E-02    4.52033E-03    3.14699E-04    2.13170E-02
        1.968    1.59805E-02    4.57557E-03    3.16283E-04    2.08723E-02
        1.982    1.54917E-02    4.62937E-03    3.17807E-04    2.04389E-02
        1.996    1.50155E-02    4.68165E-03    3.19268E-04    2.00164E-02
        2.010    1.45515E-02    4.73230E-03    3.20664E-04    1.96045E-02
        2.024    1.40997E-02    4.78125E-03    3.21993E-04    1.92029E-02
        2.038    1.36597E-02    4.82840E-03    3.23252E-04    1.88114E-02
        2.052    1.32314E-02    4.87366E-03    3.24439E-04    1.84295E-02
        2.066    1.28146E-02    4.91694E-03    3.25553E-04    1.80571E-02
        2.079    1.24090E-02    4.95814E-03    3.26592E-04    1.76938E-02
        2.093    1.20145E-02    4.99719E-03    3.27552E-04    1.73392E-02
        2.107    1.16307E-02    5.03399E-03    3.28434E-04    1.69931E-02
        2.121    1.12575E-02    5.06845E-03    3.29233E-04    1.66552E-02
        2.135    1.08948E-02    5.10050E-03    3.29949E-04    1.63252E-02
        2.149    1.05421E-02    5.13005E-03    3.30580E-04    1.60028E-02
        2.163    1.01995E-02    5.15702E-03    3.31124E-04    1.56876E-02
        2.177    9.86656E-03    5.18133E-03    3.31579E-04    1.53795E-02
        2.191    9.54317E-03    5.20290E-03    3.31943E-04    1.50780E-02
        2.205    9.22910E-03    5.22167E-03    3.32216E-04    1.47830E-02
        2.218    8.92414E-03    5.23757E-03    3.32395E-04    1.44941E-02
        2.232    8.62809E-03    5.25052E-03    3.32479E-04    1.42111E-02
        2.246    8.34073E-03    5.26048E-03    3.32467E-04    1.39337E-02
        2.260    8.06187E-03    5.26737E-03    3.32357E-04    1.36616E-02
        2.274    7.79131E-03    5.27115E-03    3.32148E-04    1.33946E-02
        2.288    7.52885E-03    5.27176E-03    3.31839E-04    1.31325E-02
        2.302    7.27430E-03    5.26917E-03    3.31428E-04    1.28749E-02
        2.316    7.02745E-03    5.26334E-03    3.30916E-04    1.26217E-02
        2.330    6.78812E-03    5.25422E-03    3.30301E-04    1.23726E-02
        2.344    6.55612E-03    5.24180E-03    3.29582E-04    1.21275E-02
        2.357    6.33127E-03    5.22605E-03    3.28759E-04    1.18861E-02
        2.371    6.11338E-03    5.20695E-03    3.27830E-04    1.16482E-02
        2.385    5.90227E-03    5.18450E-03    3.26797E-04    1.14136E-02
        2.399    5.69777E-03    5.15870E-03    3.25657E-04    1.11821E-02
        2.413    5.49971E-03    5.12955E-03    3.24412E-04    1.09537E-02
        2.427    5.30790E-03    5.09707E-03    3.23061E-04    1.07280E-02
        2.441    5.12219E-03    5.06126E-03    3.21603E-04    1.05051E-02
        2.455    4.94240E-03    5.02218E-03    3.20040E-04    1.02846E-02
        2.469    4.76839E-03    4.97984E-03    3.18371E-04    1.00666E-02
        2.483    4.59998E-03    4.93430E-03    3.16597E-04    9.85087E-03
        2.496    4.43702E-03    4.88561E-03    3.14718E-04    9.63735E-03
        2.510    4.27937E-03    4.83384E-03    3.12735E-04    9.42594E-03
        2.524    4.12686E-03    4.77905E-03    3.10649E-04    9.21656E-03
        2.538    3.97936E-03    4.72134E-03    3.08461E-04    9.00915E-03
        2.552    3.83672E-03    4.66078E-03    3.06171E-04    8.80367E-03
        2.566    3.69879E-03    4.59749E-03    3.03782E-04    8.60007E-03
        2.580    3.56546E-03    4.53158E-03    3.01294E-04    8.39833E-03
        2.594    3.43657E-03    4.46316E-03    2.98708E-04    8.19843E-03
        2.608    3.31200E-03    4.39237E-03    2.96028E-04    8.00039E-03
        2.622    3.19162E-03    4.31934E-03    2.93254E-04    7.80422E-03
        2.635    3.07530E-03    4.24424E-03    2.90388E-04    7.60993E-03
        2.649    2.96293E-03    4.16722E-03    2.87433E-04    7.41758E-03
        2.663    2.85438E-03    4.08845E-03    2.84390E-04    7.22723E-03
        2.677    2.74954E-03    4.00811E-03    2.81263E-04    7.03892E-03
        2.691    2.64830E-03    3.92640E-03    2.78054E-04    6.85275E-03
        2.705    2.55054E-03    3.84351E-03    2.74765E-04    6.66881E-03
        2.719    2.45615E-03    3.75965E-03    2.71400E-04    6.48719E-03
        2.733    2.36503E-03    3.67502E-03    2.67961E-04    6.30802E-03
        2.747    2.27708E-03    3.58987E-03    2.64451E-04    6.13140E-03
        2.761    2.19220E-03    3.50440E-03    2.60875E-04    5.95748E-03
        2.774    2.11029E-03    3.41885E-03    2.57235E-04    5.78638E-03
        2.788    2.03126E-03    3.33346E-03    2.53535E-04    5.61826E-03
        2.802    1.95501E-03    3.24847E-03    2.49780E-04    5.45326E-03
        2.816    1.88146E-03    3.16350E-03    2.45971E-04    5.29093E-03
        2.830    1.81052E-03    3.07916E-03    2.42115E-04    5.13179E-03
        2.844    1.74210E-03    2.99613E-03    2.38215E-04    4.97644E-03
        2.858    1.67612E-03    2.91464E-03    2.34275E-04    4.82503E-03
        2.872    1.61250E-03    2.83480E-03    2.30300E-04    4.67760E-03
        2.886    1.55117E-03    2.75669E-03    2.26294E-04    4.53415E-03
        2.900    1.49204E-03    2.68043E-03    2.22262E-04    4.39474E-03
        2.913    1.43505E-03    2.60597E-03    2.18208E-04    4.25923E-03
        2.927    1.38012E-03    2.53334E-03    2.14139E-04    4.12760E-03
        2.941    1.32719E-03    2.46258E-03    2.10057E-04    3.99983E-03
        2.955    1.27619E-03    2.39362E-03    2.05970E-04    3.87578E-03
        2.969    1.22704E-03    2.32648E-03    2.01880E-04    3.75541E-03
        2.983    1.17970E-03    2.26115E-03    1.97795E-04    3.63864E-03
        2.997    1.13409E-03    2.19759E-03    1.93718E-04    3.52540E-03
        3.011    1.09017E-03    2.13575E-03    1.89656E-04    3.41557E-03
        3.025    1.04786E-03    2.07563E-03    1.85613E-04    3.30910E-03
        3.039    1.00712E-03    2.01721E-03    1.81594E-04    3.20592E-03
        3.052    9.67893E-04    1.96039E-03    1.77605E-04    3.10589E-03
        3.066    9.30123E-04    1.90520E-03    1.73651E-04    3.00898E-03
        3.080    8.93761E-04    1.85159E-03    1.69737E-04    2.91509E-03
        3.094    8.58757E-04    1.79950E-03    1.65868E-04    2.82413E-03
        3.108    8.25064E-04    1.74889E-03    1.62048E-04    2.73600E-03
        3.122    7.92637E-04    1.69977E-03    1.58283E-04    2.65069E-03
        3.136    7.61430E-04    1.65207E-03    1.54577E-04    2.56808E-03
        3.150    7.31400E-04    1.60573E-03    1.50935E-04    2.48807E-03
        3.164    7.02506E-04    1.56075E-03    1.47360E-04    2.41062E-03
        3.178    6.74706E-04    1.51709E-03    1.43856E-04    2.33566E-03
        3.191    6.47962E-04    1.47470E-03    1.40426E-04    2.26309E-03
        3.205    6.22236E-04    1.43353E-03    1.37067E-04    2.19283E-03
        3.219    5.97491E-04    1.39360E-03    1.33796E-04    2.12489E-03
        3.233    5.73692E-04    1.35482E-03    1.30598E-04    2.05911E-03
        3.247    5.50805E-04    1.31717E-03    1.27496E-04    1.99547E-03
        3.261    5.28796E-04    1.28064E-03    1.24464E-04    1.93390E-03
        3.275    5.07634E-04    1.24519E-03    1.21523E-04    1.87434E-03
        3.289    4.87287E-04    1.21076E-03    1.18647E-04    1.81669E-03
        3.303    4.67727E-04    1.17733E-03    1.15857E-04    1.76092E-03
        3.317    4.48923E-04    1.14492E-03    1.13128E-04    1.70697E-03
        3.330    4.30848E-04    1.11344E-03    1.10483E-04    1.65477E-03
        3.344    4.13475E-04    1.08288E-03    1.07893E-04    1.60425E-03
        3.358    3.96779E-04    1.05322E-03    1.05382E-04    1.55538E-03
        3.372    3.80733E-04    1.02444E-03    1.02924E-04    1.50810E-03
        3.386    3.65315E-04    9.96487E-04    1.00540E-04    1.46234E-03
        3.400    3.50500E-04    9.69347E-04    9.82068E-05    1.41805E-03
        3.414    3.36266E-04    9.43034E-04    9.59435E-05    1.37524E-03
        3.428    3.22591E-04    9.17466E-04    9.37279E-05    1.33378E-03
        3.442    3.09454E-04    8.92630E-04    9.15785E-05    1.29366E-03
        3.456    2.96835E-04    8.68538E-04    8.94724E-05    1.25485E-03
        3.469    2.84715E-04    8.45162E-04    8.74322E-05    1.21731E-03
        3.483    2.73074E-04    8.22437E-04    8.54310E-05    1.18094E-03
        3.497    2.61894E-04    8.00366E-04    8.34925E-05    1.14575E-03
        3.511    2.51158E-04    7.78978E-04    8.15907E-05    1.11173E-03
        3.525    2.40849E-04    7.58180E-04    7.97470E-05    1.07878E-03
        3.539    2.30950E-04    7.37968E-04    7.79403E-05    1.04686E-03
        3.553    2.21446E-04    7.18343E-04    7.61878E-05    1.01598E-03
        3.567    2.12322E-04    6.99331E-04    7.44700E-05    9.86123E-04
        3.581    2.03563E-04    6.80827E-04    7.28034E-05    9.57194E-04
        3.595    1.95155E-04    6.62843E-04    7.11699E-05    9.29168E-04
        3.608    1.87085E-04    6.45411E-04    6.95848E-05    9.02080E-04
        3.622    1.79339E-04    6.28469E-04    6.80292E-05    8.75837E-04
        3.636    1.71905E-04    6.11989E-04    6.65228E-05    8.50416E-04
        3.650    1.64771E-04    5.95974E-04    6.50427E-05    8.25787E-04
        3.664    1.57924E-04    5.80467E-04    6.36093E-05    8.02001E-04
        3.678    1.51355E-04    5.65364E-04    6.22005E-05    7.78920E-04
        3.692    1.45052E-04    5.50676E-04    6.08349E-05    7.56563E-04
        3.706    1.39004E-04    5.36437E-04    5.94953E-05    7.34937E-04
        3.720    1.33203E-04    5.22594E-04    5.81950E-05    7.13992E-04
        3.734    1.27637E-04    5.09122E-04    5.69196E-05    6.93679E-04
        3.747    1.22297E-04    4.96014E-04    5.56815E-05    6.73993E-04
        3.761    1.17176E-04    4.83341E-04    5.44652E-05    6.54982E-04
        3.775    1.12264E-04    4.70980E-04    5.32875E-05    6.36531E-04
        3.789    1.07553E-04    4.58946E-04    5.21288E-05    6.18628E-04
        3.803    1.03034E-04    4.47283E-04    5.10068E-05    6.01324E-04
        3.817    9.87011E-05    4.35949E-04    4.99029E-05    5.84553E-04
        3.831    9.45460E-05    4.24902E-04    4.88337E-05    5.68282E-04
        3.845    9.05617E-05    4.14168E-04    4.77815E-05    5.52511E-04
        3.859    8.67414E-05    4.03757E-04    4.67611E-05    5.37260E-04
        3.873    8.30785E-05    3.93610E-04    4.57595E-05    5.22448E-04
        3.886    7.95669E-05    3.83728E-04    4.47865E-05    5.08082E-04
        3.900    7.62003E-05    3.74150E-04    4.38319E-05    4.94182E-04
        3.914    7.29731E-05    3.64838E-04    4.29040E-05    4.80715E-04
        3.928    6.98795E-05    3.55750E-04    4.19934E-05    4.67623E-04
        3.942    6.69142E-05    3.46926E-04    4.11086E-05    4.54948E-04
        3.956    6.40720E-05    3.38355E-04    4.02386E-05    4.42666E-04
        3.970    6.13480E-05    3.30011E-04    3.93957E-05    4.30755E-04
        3.984    5.87374E-05    3.21868E-04    3.85709E-05    4.19176E-04
        3.998    5.62355E-05    3.13996E-04    3.77616E-05    4.07993E-04
        4.012    5.38380E-05    3.06308E-04    3.69743E-05    3.97120E-04
        4.025    5.15407E-05    2.98813E-04    3.62021E-05    3.86556E-04
        4.039    4.93393E-05    2.91537E-04    3.54505E-05    3.76326E-04
        4.053    4.72302E-05    2.84466E-04    3.47118E-05    3.66408E-04
        4.067    4.52093E-05    2.77577E-04    3.39959E-05    3.56782E-04
        4.081    4.32733E-05    2.70850E-04    3.32906E-05    3.47414E-04
        4.095    4.14185E-05    2.64349E-04    3.26068E-05    3.38374E-04
        4.109    3.96418E-05    2.57992E-04    3.19334E-05    3.29567E-04
        4.123    3.79397E-05    2.51799E-04    3.12804E-05    3.21019E-04
        4.137    3.63094E-05    2.45775E-04    3.06370E-05    3.12721E-04
        4.151    3.47479E-05    2.39933E-04    3.00117E-05    3.04693E-04
        4.164    3.32522E-05    2.34222E-04    2.93987E-05    2.96873E-04
        4.178    3.18197E-05    2.28647E-04    2.88009E-05    2.89267E-04
        4.192    3.04479E-05    2.23266E-04    2.82155E-05    2.81929E-04
        4.206    2.91341E-05    2.17995E-04    2.76440E-05    2.74773E-04
        4.220    2.78760E-05    2.12856E-04    2.70845E-05    2.67816E-04
        4.234    2.66712E-05    2.07878E-04    2.65383E-05    2.61088E-04
        4.248    2.55177E-05    2.03014E-04    2.60019E-05    2.54533E-04
        4.262    2.44131E-05    1.98265E-04    2.54811E-05    2.48159E-04
        4.276    2.33556E-05    1.93659E-04    2.49704E-05    2.41985E-04
        4.290    2.23430E-05    1.89177E-04    2.44705E-05    2.35991E-04
        4.303    2.13737E-05    1.84784E-04    2.39817E-05    2.30139E-04
        4.317    2.04457E-05    1.80509E-04    2.35039E-05    2.24458E-04
        4.331    1.95573E-05    1.76368E-04    2.30363E-05    2.18962E-04
        4.345    1.87069E-05    1.72324E-04    2.25776E-05    2.13609E-04
        4.359    1.78928E-05    1.68366E-04    2.21320E-05    2.08391E-04
        4.373    1.71137E-05    1.64526E-04    2.16931E-05    2.03333E-04
        4.387    1.63679E-05    1.60793E-04    2.12665E-05    1.98428E-04
        4.401    1.56541E-05    1.57128E-04    2.08468E-05    1.93629E-04
        4.415    1.49709E-05    1.53560E-04    2.04385E-05    1.88970E-04
        4.429    1.43171E-05    1.50121E-04    2.00367E-05    1.84475E-04
        4.442    1.36914E-05    1.46734E-04    1.96461E-05    1.80071E-04
        4.456    1.30927E-05    1.43418E-04    1.92620E-05    1.75772E-04
        4.470    1.25197E-05    1.40231E-04    1.88857E-05    1.71636E-04
        4.484    1.19714E-05    1.37103E-04    1.85197E-05    1.67594E-04
        4.498    1.14468E-05    1.34034E-04    1.81594E-05    1.63640E-04
        4.512    1.09448E-05    1.31062E-04    1.78088E-05    1.59816E-04
        4.526    1.04646E-05    1.28179E-04    1.74639E-05    1.56107E-04
        4.540    1.00051E-05    1.25337E-04    1.71282E-05    1.52471E-04
        4.554    9.56546E-06    1.22555E-04    1.67977E-05    1.48918E-04
        4.568    9.14489E-06    1.19886E-04    1.64763E-05    1.45508E-04
        4.581    8.74256E-06    1.17270E-04    1.61597E-05    1.42172E-04
        4.595    8.35768E-06    1.14691E-04    1.58500E-05    1.38899E-04
        4.609    7.98951E-06    1.12191E-04    1.55485E-05    1.35729E-04
        4.623    7.63734E-06    1.09772E-04    1.52517E-05    1.32661E-04
        4.637    7.30048E-06    1.07386E-04    1.49628E-05    1.29649E-04
        4.651    6.97828E-06    1.05046E-04    1.46784E-05    1.26703E-04
        4.665    6.67011E-06    1.02817E-04    1.44016E-05    1.23888E-04
        4.679    6.37537E-06    1.00604E-04    1.41288E-05    1.21108E-04
        4.693    6.09348E-06    9.84340E-05    1.38637E-05    1.18391E-04
        4.707    5.82390E-06    9.63467E-05    1.36022E-05    1.15773E-04
        4.720    5.56609E-06    9.43052E-05    1.33462E-05    1.13218E-04
        4.734    5.31955E-06    9.22899E-05    1.30974E-05    1.10707E-04
        4.748    5.08379E-06    9.03305E-05    1.28519E-05    1.08266E-04
        4.762    4.85834E-06    8.84424E-05    1.26132E-05    1.05914E-04
        4.776    4.64277E-06    8.65735E-05    1.23779E-05    1.03594E-04
        4.790    4.43665E-06    8.47404E-05    1.21490E-05    1.01326E-04
        4.804    4.23957E-06    8.29871E-05    1.19234E-05    9.91500E-05
        4.818    4.05113E-06    8.12587E-05    1.17039E-05    9.70137E-05
        4.832    3.87097E-06    7.95516E-05    1.14872E-05    9.49097E-05
        4.846    3.69873E-06    7.79067E-05    1.12768E-05    9.28823E-05
        4.859    3.53406E-06    7.63020E-05    1.10689E-05    9.09049E-05
        4.873    3.37664E-06    7.47198E-05    1.08652E-05    8.89616E-05
        4.887    3.22615E-06    7.31787E-05    1.06675E-05    8.70724E-05
        4.901    3.08228E-06    7.16875E-05    1.04720E-05    8.52418E-05
        4.915    2.94476E-06    7.02194E-05    1.02822E-05    8.34463E-05
        4.929    2.81331E-06    6.87700E-05    1.00946E-05    8.16780E-05
        4.943    2.68765E-06    6.73828E-05    9.91249E-06    7.99830E-05
        4.957    2.56755E-06    6.60195E-05    9.73227E-06    7.83193E-05
        4.971    2.45276E-06    6.46758E-05    9.55760E-06    7.66861E-05
        4.985    2.34304E-06    6.33729E-05    9.38453E-06    7.51004E-05
        4.998    2.23817E-06    6.21002E-05    9.21669E-06    7.35550E-05
        5.012    2.13795E-06    6.08547E-05    9.05065E-06    7.20433E-05
        5.026    2.04217E-06    5.96293E-05    8.88952E-06    7.05609E-05
        5.040    1.95063E-06    5.84414E-05    8.73000E-06    6.91221E-05
        5.054    1.86316E-06    5.72820E-05    8.57350E-06    6.77187E-05
        5.068    1.77956E-06    5.61372E-05    8.42185E-06    6.63387E-05
        5.082    1.69968E-06    5.50324E-05    8.27167E-06    6.50037E-05
        5.096    1.62334E-06    5.39438E-05    8.12601E-06    6.36931E-05
        5.110    1.55040E-06    5.28839E-05    7.98151E-06    6.24158E-05
        5.124    1.48071E-06    5.18446E-05    7.84177E-06    6.11670E-05
        5.137    1.41411E-06    5.08251E-05    7.70288E-06    5.99421E-05
        5.151    1.35048E-06    4.98342E-05    7.56846E-06    5.87532E-05
        5.165    1.28969E-06    4.88714E-05    7.43512E-06    5.75962E-05
        5.179    1.23160E-06    4.79165E-05    7.30596E-06    5.64540E-05
        5.193    1.17611E-06    4.69829E-05    7.17757E-06    5.53365E-05
        5.207    1.12309E-06    4.60828E-05    7.05365E-06    5.42596E-05
        5.221    1.07244E-06    4.51964E-05    6.93018E-06    5.31991E-05
        5.235    1.02405E-06    4.43154E-05    6.80931E-06    5.21487E-05
        5.249    9.77827E-07    4.34718E-05    6.69233E-06    5.11420E-05
        5.263    9.33668E-07    4.26465E-05    6.57590E-06    5.01561E-05
        5.276    8.91485E-07    4.18255E-05    6.46363E-06    4.91806E-05
        5.290    8.51191E-07    4.10237E-05    6.35162E-06    4.82265E-05
        5.304    8.12701E-07    4.02588E-05    6.24349E-06    4.73150E-05
        5.318    7.75936E-07    3.94955E-05    6.13590E-06    4.64074E-05
        5.332    7.40819E-07    3.87353E-05    6.03195E-06    4.55081E-05
        5.346    7.07277E-07    3.80177E-05    5.92823E-06    4.46532E-05
        5.360    6.75240E-07    3.73044E-05    5.82843E-06    4.38080E-05
        5.374    6.44641E-07    3.65999E-05    5.72861E-06    4.29732E-05
        5.388    6.15417E-07    3.59217E-05    5.63263E-06    4.21697E-05
        5.402    5.87507E-07    3.52529E-05    5.53655E-06    4.13770E-05
        5.415    5.60851E-07    3.45946E-05    5.44402E-06    4.05995E-05
        5.429    5.35394E-07    3.39476E-05    5.35170E-06    3.98347E-05
        5.443    5.11083E-07    3.33290E-05    5.26269E-06    3.91027E-05
        5.457    4.87867E-07    3.27112E-05    5.17362E-06    3.83727E-05
        5.471    4.65696E-07    3.21006E-05    5.08815E-06    3.76544E-05
        5.485    4.44525E-07    3.15196E-05    5.00236E-06    3.69665E-05
        5.499    4.24308E-07    3.09458E-05    4.91993E-06    3.62901E-05
        5.513    4.05003E-07    3.03722E-05    4.83750E-06    3.56147E-05
        5.527    3.86569E-07    2.98195E-05    4.75642E-06    3.49625E-05
        5.541    3.68968E-07    2.92847E-05    4.67875E-06    3.43324E-05
        5.554    3.52161E-07    2.87497E-05    4.60063E-06    3.37025E-05
        5.568    3.36114E-07    2.82232E-05    4.52569E-06    3.30850E-05
        5.582    3.20793E-07    2.77252E-05    4.45061E-06    3.24966E-05
        5.596    3.06164E-07    2.72212E-05    4.37844E-06    3.19058E-05
        5.610    2.92197E-07    2.67269E-05    4.30591E-06    3.13250E-05
        5.624    2.78863E-07    2.62596E-05    4.23661E-06    3.07750E-05
        5.638    2.66132E-07    2.57874E-05    4.16670E-06    3.02203E-05
        5.652    2.53978E-07    2.53233E-05    4.09997E-06    2.96772E-05
        5.666    2.42375E-07    2.48773E-05    4.03257E-06    2.91523E-05
        5.680    2.31299E-07    2.44397E-05    3.96811E-06    2.86391E-05
        5.693    2.20724E-07    2.40028E-05    3.90333E-06    2.81269E-05
        5.707    2.10630E-07    2.35767E-05    3.84123E-06    2.76286E-05
        5.721    2.00993E-07    2.31700E-05    3.77857E-06    2.71495E-05
        5.735    1.91795E-07    2.27626E-05    3.71894E-06    2.66734E-05
        5.749    1.83014E-07    2.23608E-05    3.65851E-06    2.62023E-05
        5.763    1.74632E-07    2.19721E-05    3.60106E-06    2.57478E-05
        5.777    1.66632E-07    2.15985E-05    3.54278E-06    2.53079E-05
        5.791    1.58995E-07    2.12177E-05    3.48722E-06    2.48639E-05
        5.805    1.51706E-07    2.08451E-05    3.43118E-06    2.44280E-05
        5.819    1.44749E-07    2.05004E-05    3.37765E-06    2.40228E-05
        5.832    1.38109E-07    2.01433E-05    3.32340E-06    2.36048E-05
        5.846    1.31771E-07    1.97906E-05    3.27197E-06    2.31943E-05
        5.860    1.25722E-07    1.94654E-05    3.21962E-06    2.28108E-05
        5.874    1.19948E-07    1.91323E-05    3.17007E-06    2.24223E-05
        5.888    1.14439E-07    1.88033E-05    3.11954E-06    2.20373E-05
        5.902    1.09180E-07    1.84877E-05    3.07156E-06    2.16684E-05
        5.916    1.04162E-07    1.81806E-05    3.02298E-06    2.13077E-05
        5.930    9.93723E-08    1.78741E-05    2.97673E-06    2.09502E-05
        5.944    9.48018E-08    1.75671E-05    2.92984E-06    2.05917E-05
        5.958    9.04401E-08    1.72876E-05    2.88522E-06    2.02633E-05
        5.971    8.62777E-08    1.69983E-05    2.83975E-06    1.99244E-05
        5.985    8.23057E-08    1.67098E-05    2.79691E-06    1.95891E-05
        5.999    7.85154E-08    1.64417E-05    2.75301E-06    1.92733E-05
        6.013    7.48986E-08    1.61728E-05    2.71150E-06    1.89592E-05
        6.027    7.14472E-08    1.59029E-05    2.66929E-06    1.86436E-05
        6.041    6.81540E-08    1.56441E-05    2.62923E-06    1.83415E-05
        6.055    6.50116E-08    1.53954E-05    2.58848E-06    1.80489E-05
        6.069    6.20131E-08    1.51446E-05    2.54983E-06    1.77565E-05
        6.083    5.91522E-08    1.48927E-05    2.51025E-06    1.74621E-05
        6.097    5.64224E-08    1.46603E-05    2.47315E-06    1.71899E-05
        6.110    5.38178E-08    1.44280E-05    2.43492E-06    1.69168E-05
        6.124    5.13327E-08    1.41918E-05    2.39912E-06    1.66423E-05
        6.138    4.89617E-08    1.39724E-05    2.36217E-06    1.63836E-05
        6.152    4.66996E-08    1.37537E-05    2.32741E-06    1.61278E-05
        6.166    4.45413E-08    1.35309E-05    2.29191E-06    1.58674E-05
        6.180    4.24822E-08    1.33170E-05    2.25836E-06    1.56178E-05
        6.194    4.05178E-08    1.31147E-05    2.22383E-06    1.53790E-05
        6.208    3.86437E-08    1.29097E-05    2.19164E-06    1.51399E-05
        6.222    3.68557E-08    1.27016E-05    2.15827E-06    1.48967E-05
        6.236    3.51500E-08    1.25148E-05    2.12719E-06    1.46771E-05
        6.249    3.35228E-08    1.23212E-05    2.09490E-06    1.44496E-05
        6.263    3.19705E-08    1.21255E-05    2.06470E-06    1.42222E-05
        6.277    3.04897E-08    1.19463E-05    2.03368E-06    1.40104E-05
        6.291    2.90771E-08    1.17635E-05    2.00452E-06    1.37971E-05
        6.305    2.77295E-08    1.15819E-05    1.97452E-06    1.35842E-05
        6.319    2.64441E-08    1.14078E-05    1.94633E-06    1.33806E-05
        6.333    2.52179E-08    1.12371E-05    1.91712E-06    1.31794E-05
        6.347    2.40483E-08    1.10695E-05    1.89010E-06    1.29837E-05
        6.361    2.29327E-08    1.09041E-05    1.86184E-06    1.27888E-05
        6.375    2.18685E-08    1.07441E-05    1.83573E-06    1.26017E-05
        6.388    2.08534E-08    1.05817E-05    1.80838E-06    1.24109E-05
        6.402    1.98852E-08    1.04211E-05    1.78297E-06    1.22240E-05
        6.416    1.89617E-08    1.02735E-05    1.75670E-06    1.20492E-05
        6.430    1.80809E-08    1.01210E-05    1.73213E-06    1.18712E-05
        6.444    1.72408E-08    9.97286E-06    1.70670E-06    1.16968E-05
        6.458    1.64395E-08    9.83405E-06    1.68297E-06    1.15335E-05
        6.472    1.56753E-08    9.68953E-06    1.65960E-06    1.13648E-05
        6.486    1.49464E-08    9.54511E-06    1.63540E-06    1.11955E-05
        6.500    1.42512E-08    9.40897E-06    1.61281E-06    1.10360E-05
        6.514    1.35882E-08    9.27645E-06    1.58939E-06    1.08794E-05
        6.527    1.29559E-08    9.13959E-06    1.56755E-06    1.07201E-05
        6.541    1.23529E-08    9.01217E-06    1.54466E-06    1.05692E-05
        6.555    1.17778E-08    8.88927E-06    1.52374E-06    1.04248E-05
        6.569    1.12294E-08    8.76058E-06    1.50159E-06    1.02734E-05
        6.583    1.07063E-08    8.63257E-06    1.48136E-06    1.01246E-05
        6.597    1.02075E-08    8.51818E-06    1.45989E-06    9.98828E-06
        6.611    9.73185E-09    8.39774E-06    1.44012E-06    9.84759E-06
        6.625    9.27824E-09    8.27555E-06    1.41954E-06    9.70437E-06
        6.639    8.84567E-09    8.16892E-06    1.40041E-06    9.57818E-06
        6.653    8.43317E-09    8.05553E-06    1.38046E-06    9.44443E-06
        6.666    8.03982E-09    7.94076E-06    1.36196E-06    9.31076E-06
        6.680    7.66473E-09    7.83236E-06    1.34244E-06    9.18247E-06
        6.694    7.30706E-09    7.72879E-06    1.32474E-06    9.06084E-06
        6.708    6.96600E-09    7.62066E-06    1.30580E-06    8.93343E-06
        6.722    6.64079E-09    7.51847E-06    1.28868E-06    8.81378E-06
        6.736    6.33069E-09    7.42093E-06    1.27163E-06    8.69889E-06
        6.750    6.03501E-09    7.31801E-06    1.25356E-06    8.57761E-06
        6.764    5.75307E-09    7.21382E-06    1.23724E-06    8.45682E-06
        6.778    5.48425E-09    7.12426E-06    1.21972E-06    8.34947E-06
        6.792    5.22793E-09    7.02860E-06    1.20395E-06    8.23778E-06
        6.805    4.98354E-09    6.93038E-06    1.18696E-06    8.12232E-06
        6.819    4.75052E-09    6.84394E-06    1.17167E-06    8.02037E-06
        6.833    4.52835E-09    6.75460E-06    1.15520E-06    7.91432E-06
        6.847    4.31652E-09    6.66175E-06    1.14021E-06    7.80627E-06
        6.861    4.11456E-09    6.57286E-06    1.12443E-06    7.70141E-06
        6.875    3.92201E-09    6.49128E-06    1.10991E-06    7.60511E-06
        6.889    3.73843E-09    6.40440E-06    1.09461E-06    7.50274E-06
        6.903    3.56341E-09    6.32039E-06    1.08055E-06    7.40450E-06
        6.917    3.39655E-09    6.24129E-06    1.06550E-06    7.31019E-06
        6.931    3.23747E-09    6.16010E-06    1.05206E-06    7.21541E-06
        6.944    3.08580E-09    6.08076E-06    1.03863E-06    7.12248E-06
        6.958    2.94122E-09    6.00327E-06    1.02447E-06    7.03068E-06
        6.972    2.80338E-09    5.92681E-06    1.01144E-06    6.94106E-06
        6.986    2.67197E-09    5.84761E-06    9.97697E-07    6.84798E-06
