          %pt            Sj
        0.057    4.37292E-05
        0.063    4.68895E-05
        0.069    4.99330E-05
        0.076    5.28730E-05
        0.082    5.57033E-05
        0.089    5.84419E-05
        0.095    6.11280E-05
        0.102    6.37444E-05
        0.109    6.62963E-05
        0.115    6.87885E-05
        0.122    7.12249E-05
        0.128    7.36091E-05
        0.134    7.59441E-05
        0.141    7.82329E-05
        0.147    8.04777E-05
        0.154    8.26810E-05
        0.161    8.48273E-05
        0.167    8.69528E-05
        0.174    8.90422E-05
        0.180    9.10970E-05
        0.186    9.31187E-05
        0.193    9.51085E-05
        0.199    9.70174E-05
        0.206    9.89460E-05
        0.212    1.00846E-04
        0.219    1.02719E-04
        0.226    1.04530E-04
        0.232    1.06350E-04
        0.238    1.08144E-04
        0.245    1.09915E-04
        0.252    1.11661E-04
        0.258    1.13385E-04
        0.264    1.15086E-04
        0.271    1.16753E-04
        0.278    1.18412E-04
        0.284    1.20049E-04
        0.291    1.21643E-04
        0.297    1.23240E-04
        0.304    1.24818E-04
        0.310    1.26360E-04
        0.317    1.27901E-04
        0.323    1.29424E-04
        0.330    1.30929E-04
        0.336    1.32416E-04
        0.343    1.33887E-04
        0.349    1.35341E-04
        0.356    1.36779E-04
        0.362    1.38200E-04
        0.369    1.39606E-04
        0.375    1.40997E-04
        0.382    1.42372E-04
        0.388    1.43732E-04
        0.395    1.45078E-04
        0.401    1.46409E-04
        0.407    1.47714E-04
        0.414    1.49017E-04
        0.421    1.50306E-04
        0.427    1.51582E-04
        0.434    1.52844E-04
        0.440    1.54093E-04
        0.447    1.55329E-04
        0.453    1.56552E-04
        0.460    1.57763E-04
        0.466    1.58961E-04
        0.473    1.60147E-04
        0.479    1.61321E-04
        0.486    1.62483E-04
        0.492    1.63633E-04
        0.499    1.64771E-04
        0.505    1.65898E-04
        0.512    1.67014E-04
        0.518    1.68118E-04
        0.525    1.69211E-04
        0.531    1.70294E-04
        0.538    1.71365E-04
        0.544    1.72426E-04
        0.551    1.73476E-04
        0.557    1.74516E-04
        0.563    1.75545E-04
        0.570    1.76564E-04
        0.576    1.77573E-04
        0.583    1.78572E-04
        0.590    1.79561E-04
        0.596    1.80540E-04
        0.603    1.81509E-04
        0.609    1.82469E-04
        0.616    1.83419E-04
        0.622    1.84360E-04
        0.628    1.85292E-04
        0.635    1.86214E-04
        0.641    1.87110E-04
        0.648    1.88002E-04
        0.655    1.88897E-04
        0.661    1.89783E-04
        0.668    1.90660E-04
        0.674    1.91529E-04
        0.681    1.92389E-04
        0.687    1.93240E-04
        0.693    1.94083E-04
        0.700    1.94917E-04
        0.706    1.95743E-04
        0.713    1.96561E-04
        0.720    1.97371E-04
        0.726    1.98172E-04
        0.733    1.98965E-04
        0.739    1.99751E-04
        0.746    2.00528E-04
        0.752    2.01298E-04
        0.759    2.02059E-04
        0.765    2.02814E-04
        0.771    2.03560E-04
        0.778    2.04299E-04
        0.785    2.05030E-04
        0.791    2.05754E-04
        0.798    2.06470E-04
        0.804    2.07179E-04
        0.811    2.07881E-04
        0.817    2.08575E-04
        0.824    2.09262E-04
        0.830    2.09942E-04
        0.836    2.10615E-04
        0.843    2.11281E-04
        0.850    2.11940E-04
        0.856    2.12592E-04
        0.863    2.13237E-04
        0.869    2.13876E-04
        0.876    2.14507E-04
        0.882    2.15132E-04
        0.889    2.15750E-04
        0.895    2.16362E-04
        0.901    2.16967E-04
        0.908    2.17565E-04
        0.914    2.18157E-04
        0.921    2.18743E-04
        0.928    2.19322E-04
        0.934    2.19895E-04
        0.941    2.20461E-04
        0.947    2.21022E-04
        0.954    2.21576E-04
        0.960    2.22124E-04
        0.966    2.22666E-04
        0.973    2.23201E-04
        0.979    2.23731E-04
        0.986    2.24255E-04
        0.993    2.24773E-04
        0.999    2.25285E-04
        1.005    2.25791E-04
        1.012    2.26291E-04
        1.018    2.26786E-04
        1.025    2.27250E-04
        1.031    2.27733E-04
        1.038    2.28211E-04
        1.044    2.28682E-04
        1.051    2.29149E-04
        1.058    2.29609E-04
        1.064    2.30064E-04
        1.070    2.30514E-04
        1.077    2.30958E-04
        1.083    2.31397E-04
        1.090    2.31831E-04
        1.096    2.32259E-04
        1.103    2.32682E-04
        1.109    2.33099E-04
        1.116    2.33512E-04
        1.122    2.33919E-04
        1.129    2.34321E-04
        1.135    2.34718E-04
        1.142    2.35110E-04
        1.148    2.35497E-04
        1.155    2.35879E-04
        1.161    2.36256E-04
        1.168    2.36628E-04
        1.174    2.36995E-04
        1.181    2.37358E-04
        1.188    2.37715E-04
        1.194    2.38068E-04
        1.201    2.38416E-04
        1.207    2.38759E-04
        1.213    2.39098E-04
        1.220    2.39431E-04
        1.226    2.39761E-04
        1.233    2.40085E-04
        1.239    2.40405E-04
        1.246    2.40721E-04
        1.252    2.41032E-04
        1.259    2.41338E-04
        1.265    2.41640E-04
        1.272    2.41938E-04
        1.278    2.42232E-04
        1.285    2.42520E-04
        1.291    2.42805E-04
        1.298    2.43085E-04
        1.304    2.43362E-04
        1.311    2.43633E-04
        1.317    2.43901E-04
        1.324    2.44165E-04
        1.331    2.44424E-04
        1.337    2.44679E-04
        1.343    2.44930E-04
        1.350    2.45177E-04
        1.356    2.45420E-04
        1.363    2.45660E-04
        1.369    2.45895E-04
        1.376    2.46126E-04
        1.382    2.46353E-04
        1.389    2.46576E-04
        1.395    2.46796E-04
        1.402    2.47012E-04
        1.408    2.47223E-04
        1.415    2.47431E-04
        1.421    2.47636E-04
        1.428    2.47836E-04
        1.434    2.48033E-04
        1.441    2.48226E-04
        1.447    2.48416E-04
        1.454    2.48602E-04
        1.461    2.48784E-04
        1.467    2.48963E-04
        1.473    2.49138E-04
        1.480    2.49310E-04
        1.486    2.49478E-04
        1.493    2.49643E-04
        1.499    2.49805E-04
        1.506    2.49963E-04
        1.512    2.50117E-04
        1.519    2.50268E-04
        1.525    2.50416E-04
        1.532    2.50561E-04
        1.538    2.50702E-04
        1.545    2.50840E-04
        1.551    2.50975E-04
        1.558    2.51106E-04
        1.564    2.51234E-04
        1.571    2.51360E-04
        1.577    2.51481E-04
        1.584    2.51600E-04
        1.590    2.51716E-04
        1.597    2.51829E-04
        1.604    2.51938E-04
        1.610    2.52045E-04
        1.616    2.52149E-04
        1.623    2.52249E-04
        1.629    2.52347E-04
        1.636    2.52442E-04
        1.642    2.52533E-04
        1.649    2.52622E-04
        1.655    2.52708E-04
        1.662    2.52791E-04
        1.668    2.52872E-04
        1.675    2.52949E-04
        1.681    2.53024E-04
        1.688    2.53096E-04
        1.694    2.53165E-04
        1.701    2.53232E-04
        1.707    2.53295E-04
        1.714    2.53356E-04
        1.720    2.53415E-04
        1.727    2.53471E-04
        1.734    2.53524E-04
        1.740    2.53574E-04
        1.746    2.53622E-04
        1.753    2.53667E-04
        1.759    2.53710E-04
        1.766    2.53751E-04
        1.772    2.53788E-04
        1.779    2.53824E-04
        1.785    2.53857E-04
        1.792    2.53887E-04
        1.798    2.53915E-04
        1.805    2.53940E-04
        1.811    2.53963E-04
        1.818    2.53984E-04
        1.824    2.54003E-04
        1.831    2.54019E-04
        1.837    2.54032E-04
        1.844    2.54044E-04
        1.850    2.54053E-04
        1.857    2.54060E-04
        1.863    2.54064E-04
        1.870    2.54067E-04
        1.877    2.54067E-04
        1.883    2.54065E-04
        1.889    2.54060E-04
        1.896    2.54054E-04
        1.902    2.54045E-04
        1.909    2.54034E-04
        1.915    2.54021E-04
        1.922    2.54006E-04
        1.928    2.53989E-04
        1.935    2.53970E-04
        1.941    2.53949E-04
        1.948    2.53925E-04
        1.954    2.53900E-04
        1.961    2.53873E-04
        1.967    2.53843E-04
        1.974    2.53812E-04
        1.980    2.53778E-04
        1.987    2.53743E-04
        1.993    2.53705E-04
        2.000    2.53666E-04
        2.007    2.53625E-04
        2.013    2.53582E-04
        2.020    2.53537E-04
        2.026    2.53490E-04
        2.033    2.53441E-04
        2.039    2.53390E-04
        2.046    2.53337E-04
        2.052    2.53283E-04
        2.059    2.53227E-04
        2.065    2.53169E-04
        2.072    2.53109E-04
        2.078    2.53047E-04
        2.084    2.52983E-04
        2.091    2.52918E-04
        2.097    2.52851E-04
        2.104    2.52782E-04
        2.110    2.52711E-04
        2.117    2.52639E-04
        2.123    2.52565E-04
        2.130    2.52489E-04
        2.136    2.52411E-04
        2.143    2.52332E-04
        2.149    2.52251E-04
        2.156    2.52168E-04
        2.162    2.52084E-04
        2.169    2.51998E-04
        2.175    2.51910E-04
        2.182    2.51820E-04
        2.188    2.51729E-04
        2.195    2.51636E-04
        2.201    2.51542E-04
        2.208    2.51446E-04
        2.214    2.51348E-04
        2.221    2.51249E-04
        2.227    2.51148E-04
        2.234    2.51045E-04
        2.240    2.50941E-04
        2.247    2.50835E-04
        2.253    2.50727E-04
        2.260    2.50618E-04
        2.266    2.50508E-04
        2.273    2.50395E-04
        2.280    2.50281E-04
        2.286    2.50166E-04
        2.293    2.50049E-04
        2.299    2.49930E-04
        2.306    2.49810E-04
        2.312    2.49688E-04
        2.319    2.49564E-04
        2.325    2.49439E-04
        2.332    2.49312E-04
        2.338    2.49184E-04
        2.345    2.49054E-04
        2.351    2.48923E-04
        2.357    2.48790E-04
        2.364    2.48655E-04
        2.370    2.48519E-04
        2.377    2.48381E-04
        2.383    2.48242E-04
        2.390    2.48101E-04
        2.396    2.47958E-04
        2.403    2.47814E-04
        2.409    2.47668E-04
        2.416    2.47521E-04
        2.422    2.47372E-04
        2.429    2.47221E-04
        2.435    2.47069E-04
        2.442    2.46915E-04
        2.448    2.46760E-04
        2.455    2.46603E-04
        2.461    2.46444E-04
        2.468    2.46284E-04
        2.474    2.46122E-04
        2.481    2.45958E-04
        2.487    2.45793E-04
        2.494    2.45626E-04
        2.500    2.45457E-04
        2.507    2.45287E-04
        2.513    2.45115E-04
        2.520    2.44941E-04
        2.526    2.44766E-04
        2.533    2.44588E-04
        2.539    2.44410E-04
        2.546    2.44241E-04
        2.553    2.44059E-04
        2.559    2.43875E-04
        2.566    2.43689E-04
        2.572    2.43501E-04
        2.579    2.43312E-04
        2.585    2.43120E-04
        2.592    2.42927E-04
        2.598    2.42732E-04
        2.605    2.42536E-04
        2.611    2.42337E-04
        2.618    2.42137E-04
        2.624    2.41935E-04
        2.630    2.41730E-04
        2.637    2.41524E-04
        2.643    2.41316E-04
        2.650    2.41106E-04
        2.656    2.40895E-04
        2.663    2.40681E-04
        2.669    2.40465E-04
        2.676    2.40247E-04
        2.682    2.40027E-04
        2.689    2.39806E-04
        2.695    2.39582E-04
        2.702    2.39356E-04
        2.708    2.39128E-04
        2.715    2.38898E-04
        2.721    2.38666E-04
        2.728    2.38431E-04
        2.734    2.38195E-04
        2.741    2.37956E-04
        2.747    2.37715E-04
        2.754    2.37472E-04
        2.760    2.37227E-04
        2.767    2.36979E-04
        2.773    2.36729E-04
        2.780    2.36477E-04
        2.786    2.36223E-04
        2.793    2.35966E-04
        2.799    2.35706E-04
        2.806    2.35445E-04
        2.812    2.35181E-04
        2.819    2.34914E-04
        2.826    2.34645E-04
        2.832    2.34374E-04
        2.839    2.34112E-04
        2.845    2.33835E-04
        2.852    2.33556E-04
        2.858    2.33274E-04
        2.865    2.32990E-04
        2.871    2.32702E-04
        2.878    2.32413E-04
        2.884    2.32120E-04
        2.891    2.31825E-04
        2.897    2.31527E-04
        2.903    2.31226E-04
        2.910    2.30922E-04
        2.916    2.30616E-04
        2.923    2.30306E-04
        2.929    2.29994E-04
        2.936    2.29678E-04
        2.942    2.29360E-04
        2.949    2.29051E-04
        2.955    2.28726E-04
        2.962    2.28398E-04
        2.968    2.28068E-04
        2.975    2.27734E-04
        2.981    2.27397E-04
        2.988    2.27056E-04
        2.994    2.26713E-04
        3.001    2.26366E-04
        3.007    2.26015E-04
        3.014    2.25662E-04
        3.020    2.25304E-04
        3.027    2.24944E-04
        3.033    2.24580E-04
        3.040    2.24212E-04
        3.046    2.23841E-04
        3.053    2.23467E-04
        3.059    2.23088E-04
        3.066    2.22706E-04
        3.072    2.22320E-04
        3.079    2.21931E-04
        3.086    2.21537E-04
        3.092    2.21140E-04
        3.099    2.20739E-04
        3.105    2.20334E-04
        3.112    2.19925E-04
        3.118    2.19512E-04
        3.125    2.19095E-04
        3.131    2.18674E-04
        3.138    2.18249E-04
        3.144    2.17819E-04
        3.151    2.17386E-04
        3.157    2.16948E-04
        3.164    2.16505E-04
        3.170    2.16059E-04
        3.176    2.15607E-04
        3.183    2.15152E-04
        3.189    2.14692E-04
        3.196    2.14227E-04
        3.202    2.13758E-04
        3.209    2.13301E-04
        3.215    2.12822E-04
        3.222    2.12339E-04
        3.228    2.11851E-04
        3.235    2.11358E-04
        3.241    2.10860E-04
        3.248    2.10357E-04
        3.254    2.09849E-04
        3.261    2.09336E-04
        3.267    2.08818E-04
        3.274    2.08295E-04
        3.280    2.07767E-04
        3.287    2.07233E-04
        3.293    2.06694E-04
        3.300    2.06150E-04
        3.306    2.05600E-04
        3.313    2.05045E-04
        3.319    2.04485E-04
        3.326    2.03919E-04
        3.332    2.03362E-04
        3.339    2.02783E-04
        3.345    2.02198E-04
        3.352    2.01607E-04
        3.359    2.01011E-04
        3.365    2.00408E-04
        3.372    1.99800E-04
        3.378    1.99186E-04
        3.385    1.98565E-04
        3.391    1.97939E-04
        3.398    1.97306E-04
        3.404    1.96667E-04
        3.411    1.96022E-04
        3.417    1.95370E-04
        3.424    1.94736E-04
        3.430    1.94071E-04
        3.436    1.93400E-04
        3.443    1.92723E-04
        3.449    1.92048E-04
        3.456    1.91344E-04
        3.462    1.90633E-04
        3.469    1.89915E-04
        3.475    1.89274E-04
        3.482    1.88557E-04
        3.488    1.87833E-04
        3.495    1.87102E-04
        3.501    1.86364E-04
        3.508    1.85619E-04
        3.514    1.84867E-04
        3.521    1.84108E-04
        3.527    1.83341E-04
        3.534    1.82601E-04
        3.540    1.81819E-04
        3.547    1.81030E-04
        3.553    1.80233E-04
        3.560    1.79428E-04
        3.566    1.78103E-04
        3.573    1.77797E-04
        3.579    1.76987E-04
        3.586    1.76151E-04
        3.592    1.75308E-04
        3.599    1.74458E-04
        3.605    1.73599E-04
        3.612    1.72744E-04
        3.618    1.71870E-04
        3.625    1.70988E-04
        3.632    1.70098E-04
        3.638    1.69218E-04
        3.645    1.68313E-04
        3.651    1.67400E-04
        3.658    1.66478E-04
        3.664    1.65549E-04
        3.671    1.64611E-04
        3.677    1.63664E-04
        3.684    1.62710E-04
        3.690    1.61747E-04
        3.697    1.60775E-04
        3.703    1.59796E-04
        3.709    1.58807E-04
        3.716    1.57811E-04
        3.722    1.56805E-04
        3.729    1.49160E-04
        3.735    1.54783E-04
        3.742    1.53748E-04
        3.748    1.52703E-04
        3.755    1.51663E-04
        3.761    1.50601E-04
        3.768    1.49531E-04
        3.774    1.48453E-04
        3.781    1.47366E-04
        3.787    1.46270E-04
        3.794    1.45165E-04
        3.800    1.44088E-04
        3.807    1.42972E-04
        3.813    1.41847E-04
        3.820    1.40713E-04
        3.826    1.39571E-04
        3.833    1.38421E-04
        3.839    1.37280E-04
        3.846    1.36114E-04
        3.852    1.34939E-04
        3.859    1.33757E-04
        3.865    1.32566E-04
        3.872    1.31367E-04
        3.878    1.30161E-04
        3.885    1.28946E-04
        3.891    8.99184E-05
        3.898    1.26494E-04
        3.905    1.25257E-04
        3.911    1.24025E-04
        3.918    1.22774E-04
        3.924    1.21516E-04
        3.931    1.20251E-04
        3.937    1.18981E-04
        3.944    1.17704E-04
        3.950    1.16421E-04
        3.957    1.15134E-04
        3.963    1.13841E-04
        3.970    1.12545E-04
        3.976    1.11245E-04
        3.982    1.09943E-04
        3.989    1.08632E-04
        3.995    1.07356E-04
        4.002    9.84549E-05
        4.009    9.72783E-05
        4.015    9.61174E-05
        4.022    9.49951E-05
        4.028    9.38642E-05
        4.035    9.27481E-05
        4.041    9.16348E-05
        4.048    9.05678E-05
        4.054    8.95008E-05
        4.061    8.84421E-05
        4.067    8.73972E-05
        4.074    8.63660E-05
        4.080    8.53482E-05
        4.087    8.43437E-05
        4.093    8.33522E-05
        4.100    8.23736E-05
        4.106    8.14076E-05
        4.113    8.04542E-05
        4.119    7.95131E-05
        4.126    7.85842E-05
        4.132    7.76672E-05
        4.139    7.67621E-05
        4.145    7.58741E-05
        4.152    7.49920E-05
        4.158    7.41213E-05
        4.165    7.32617E-05
        4.171    7.24132E-05
        4.178    7.15754E-05
        4.184    7.07704E-05
        4.191    6.99536E-05
        4.197    6.91472E-05
        4.204    6.83511E-05
        4.210    6.75878E-05
        4.217    6.68114E-05
        4.223    6.60448E-05
        4.230    6.52879E-05
        4.236    6.45513E-05
        4.243    6.38134E-05
        4.249    6.30848E-05
        4.256    6.23653E-05
        4.262    6.16549E-05
        4.269    6.09535E-05
        4.275    6.02609E-05
        4.282    5.95769E-05
        4.288    5.89016E-05
        4.295    5.82346E-05
        4.301    5.75761E-05
        4.308    5.69591E-05
        4.314    5.63166E-05
        4.321    5.56819E-05
        4.327    5.50553E-05
        4.334    5.44364E-05
        4.340    5.38252E-05
        4.347    5.32215E-05
        4.353    5.26254E-05
        4.360    5.20366E-05
        4.366    5.14551E-05
        4.373    5.08807E-05
        4.379    5.03135E-05
        4.385    4.97533E-05
        4.392    4.91830E-05
        4.398    4.86366E-05
        4.405    4.80969E-05
        4.411    4.75639E-05
        4.418    4.70471E-05
        4.424    4.65270E-05
        4.431    4.60131E-05
        4.438    4.54930E-05
        4.444    4.49917E-05
        4.451    4.44965E-05
        4.457    4.40073E-05
        4.464    4.35241E-05
        4.470    4.30468E-05
        4.477    4.25752E-05
        4.483    4.21093E-05
        4.490    4.16491E-05
        4.496    4.11944E-05
        4.503    4.07452E-05
        4.509    4.03014E-05
        4.516    3.98629E-05
        4.522    3.94297E-05
        4.529    3.90018E-05
        4.535    3.85789E-05
        4.542    3.81611E-05
        4.548    3.77483E-05
        4.555    3.73405E-05
        4.561    3.69375E-05
        4.568    3.65393E-05
        4.574    3.61459E-05
        4.581    3.57571E-05
        4.587    3.53729E-05
        4.594    3.49934E-05
        4.600    3.46662E-05
        4.607    3.42951E-05
        4.613    3.39284E-05
        4.620    3.35660E-05
        4.626    3.32079E-05
        4.633    3.28540E-05
        4.639    3.25043E-05
        4.646    3.21587E-05
        4.652    3.18172E-05
        4.659    3.14796E-05
        4.665    3.11461E-05
        4.672    3.08164E-05
        4.678    3.04905E-05
        4.685    3.01685E-05
        4.691    2.98503E-05
        4.698    2.95357E-05
        4.704    2.92248E-05
        4.711    2.89175E-05
        4.717    2.86138E-05
        4.724    2.83136E-05
        4.730    2.80169E-05
        4.737    2.77237E-05
        4.743    2.74338E-05
        4.750    2.71473E-05
        4.756    2.68640E-05
        4.763    2.65673E-05
        4.769    2.62908E-05
        4.776    2.60249E-05
        4.782    2.57547E-05
        4.789    2.54875E-05
        4.795    2.52234E-05
        4.802    2.49623E-05
        4.808    2.47042E-05
        4.815    2.44490E-05
        4.821    2.42222E-05
        4.828    2.40057E-05
        4.834    2.37587E-05
        4.841    2.35144E-05
        4.847    2.32729E-05
        4.854    2.30342E-05
        4.860    2.27981E-05
        4.867    2.25647E-05
        4.873    2.23340E-05
        4.880    2.21059E-05
        4.886    1.82603E-05
        4.893    1.80720E-05
        4.899    1.78859E-05
        4.906    1.77020E-05
        4.912    1.75202E-05
        4.919    1.73405E-05
        4.925    1.71628E-05
        4.931    1.69872E-05
        4.938    1.68136E-05
        4.944    1.66420E-05
        4.951    1.64724E-05
        4.957    1.63047E-05
        4.964    1.61389E-05
        4.970    1.59750E-05
        4.977    1.58129E-05
        4.984    1.56527E-05
        4.990    1.54943E-05
        4.997    1.53377E-05
        5.003    1.51829E-05
        5.010    1.50298E-05
        5.016    1.48785E-05
        5.023    1.47289E-05
        5.029    1.45809E-05
        5.036    1.44346E-05
        5.042    1.42900E-05
        5.049    1.41470E-05
        5.055    1.40056E-05
        5.062    1.66837E-05
        5.068    1.65183E-05
        5.075    1.63547E-05
        5.081    1.61930E-05
        5.088    1.60329E-05
        5.094    1.58747E-05
        5.101    1.57181E-05
        5.107    1.55633E-05
        5.114    1.54101E-05
        5.120    1.52586E-05
        5.127    1.51088E-05
        5.133    1.49627E-05
        5.140    1.48160E-05
        5.146    1.46710E-05
        5.153    1.45275E-05
        5.159    1.43856E-05
        5.166    1.42452E-05
        5.172    1.41063E-05
        5.179    1.39690E-05
        5.185    1.38331E-05
        5.192    1.36986E-05
        5.198    1.35656E-05
        5.205    1.34341E-05
        5.211    1.33039E-05
        5.218    1.31767E-05
        5.224    1.30493E-05
        5.231    1.29233E-05
        5.237    1.27986E-05
        5.244    1.26752E-05
        5.250    1.25532E-05
        5.257    1.24324E-05
        5.263    1.23129E-05
        5.270    1.21947E-05
        5.276    1.20778E-05
        5.283    1.19621E-05
        5.289    1.18476E-05
        5.296    1.17343E-05
        5.302    1.16222E-05
        5.309    1.15119E-05
        5.315    1.14022E-05
        5.322    1.12936E-05
        5.328    1.11862E-05
        5.335    1.10799E-05
        5.341    1.09747E-05
        5.348    1.08706E-05
        5.354    1.07676E-05
        5.361    1.06657E-05
        5.367    1.05649E-05
        5.374    1.05325E-05
        5.380    1.04332E-05
        5.387    1.03349E-05
        5.393    1.02377E-05
        5.400    1.01414E-05
        5.406    1.00462E-05
        5.413    9.95192E-06
        5.419    9.85864E-06
        5.426    9.76633E-06
        5.432    9.67498E-06
        5.439    9.58456E-06
        5.445    9.49509E-06
        5.452    9.40653E-06
        5.458    9.31890E-06
        5.465    9.23215E-06
        5.471    9.14631E-06
        5.477    9.06135E-06
        5.484    8.97726E-06
        5.490    8.89403E-06
        5.497    8.81165E-06
        5.503    8.73012E-06
        5.510    8.64942E-06
        5.516    8.56955E-06
        5.523    8.46666E-06
        5.530    8.38869E-06
        5.536    8.31150E-06
        5.543    8.23511E-06
        5.549    8.15948E-06
        5.556    8.08463E-06
        5.562    8.01054E-06
        5.569    7.96675E-06
        5.575    7.89395E-06
        5.582    7.82189E-06
        5.588    7.75055E-06
        5.595    7.67994E-06
        5.601    7.61003E-06
        5.608    7.54083E-06
        5.614    7.47232E-06
        5.621    7.40450E-06
        5.627    7.33736E-06
        5.634    7.27090E-06
        5.640    7.20510E-06
        5.647    7.13996E-06
        5.653    7.07547E-06
        5.660    7.01162E-06
        5.666    6.94841E-06
        5.673    6.88584E-06
        5.679    6.82388E-06
        5.686    6.76254E-06
        5.692    6.70181E-06
        5.699    6.69087E-06
        5.705    6.63084E-06
        5.712    6.57141E-06
        5.718    6.51256E-06
        5.725    6.45430E-06
        5.731    6.39661E-06
        5.738    6.33950E-06
        5.744    6.28295E-06
        5.751    6.22695E-06
        5.757    6.17151E-06
        5.764    6.11661E-06
        5.770    6.06226E-06
        5.777    6.00843E-06
        5.783    5.95514E-06
        5.790    5.90236E-06
        5.796    5.85011E-06
        5.803    5.79836E-06
        5.809    5.74712E-06
        5.816    5.69638E-06
        5.822    5.64614E-06
        5.829    5.59639E-06
        5.835    5.54712E-06
        5.842    5.49833E-06
        5.848    5.45001E-06
        5.855    5.40217E-06
        5.861    5.35479E-06
        5.868    5.30786E-06
        5.874    5.29195E-06
        5.881    5.24578E-06
        5.887    5.20006E-06
        5.894    5.15478E-06
        5.900    5.10994E-06
        5.907    5.06553E-06
        5.913    5.02155E-06
        5.920    4.97798E-06
        5.926    4.93484E-06
        5.933    4.89211E-06
        5.939    4.84979E-06
        5.946    4.80788E-06
        5.952    4.76637E-06
        5.959    4.72525E-06
        5.965    4.68453E-06
        5.972    4.64419E-06
        5.978    4.60424E-06
        5.985    4.56467E-06
        5.991    4.52547E-06
        5.998    4.48665E-06
        6.004    4.44820E-06
        6.010    4.41011E-06
        6.017    4.37238E-06
        6.023    4.33501E-06
        6.030    4.29799E-06
        6.036    4.26133E-06
        6.043    4.22501E-06
        6.049    4.18903E-06
        6.056    4.15339E-06
        6.062    4.11809E-06
        6.069    4.08311E-06
        6.076    4.04847E-06
        6.082    4.01416E-06
        6.089    3.98016E-06
        6.095    3.94648E-06
        6.102    3.91312E-06
        6.108    3.88007E-06
        6.115    3.84734E-06
        6.121    3.81490E-06
        6.128    3.78277E-06
        6.134    3.75094E-06
        6.141    3.71940E-06
        6.147    3.68816E-06
        6.154    3.65721E-06
        6.160    3.62655E-06
        6.167    3.59617E-06
        6.173    3.56607E-06
        6.180    3.53625E-06
        6.186    3.50671E-06
        6.193    3.47744E-06
        6.199    3.44844E-06
        6.206    3.41971E-06
        6.212    3.39124E-06
        6.219    3.36304E-06
        6.225    3.33510E-06
        6.232    3.30741E-06
        6.238    3.27998E-06
        6.245    3.25280E-06
        6.251    3.22587E-06
        6.258    3.19918E-06
        6.264    3.17274E-06
        6.271    3.14655E-06
        6.277    3.08617E-06
        6.284    3.06080E-06
        6.290    3.03566E-06
        6.297    3.03175E-06
        6.303    3.00692E-06
        6.310    2.98231E-06
        6.316    2.95793E-06
        6.323    2.93377E-06
        6.329    2.90983E-06
        6.336    2.88610E-06
        6.342    2.86259E-06
        6.349    2.83929E-06
        6.355    2.81620E-06
        6.362    2.79332E-06
        6.368    2.77065E-06
        6.375    2.74817E-06
        6.381    2.72591E-06
        6.388    2.70383E-06
        6.394    2.68196E-06
        6.401    2.66029E-06
        6.407    2.63881E-06
        6.414    2.61751E-06
        6.420    2.59642E-06
        6.427    2.57550E-06
        6.433    2.55478E-06
        6.440    2.53424E-06
        6.446    2.51388E-06
        6.453    2.49370E-06
        6.459    2.47371E-06
        6.466    2.45389E-06
        6.472    2.43425E-06
        6.479    2.41478E-06
        6.485    2.39548E-06
        6.492    2.37635E-06
        6.498    2.35740E-06
        6.505    2.33861E-06
        6.511    2.31999E-06
        6.518    2.30153E-06
        6.524    2.28323E-06
        6.531    2.26509E-06
        6.537    2.24712E-06
        6.544    2.22930E-06
        6.550    2.21164E-06
