   8.00000000000000        4.50000000000000        7.00000000000000     
  0.451022866098680     
   8.20000000000000        4.50000000000000        7.00000000000000     
  0.413931361618437     
   8.40000000000000        4.50000000000000        7.00000000000000     
  0.393992682692692     
   8.60000000000000        4.50000000000000        7.00000000000000     
  0.391206829321445     
   8.80000000000000        4.50000000000000        7.00000000000000     
  0.405573801504696     
   9.00000000000000        4.50000000000000        7.00000000000000     
  0.437093599242445     
   9.20000000000000        4.50000000000000        7.00000000000000     
  0.485766222534692     
   9.40000000000000        4.50000000000000        7.00000000000000     
  0.551591671381438     
   9.60000000000000        4.50000000000000        7.00000000000000     
  0.634569945782681     
   9.80000000000000        4.50000000000000        7.00000000000000     
  0.734701045738423     
   10.0000000000000        4.50000000000000        7.00000000000000     
  0.851984971248663     
