          %pt           TTT           TTS           TSS           TSS2j           SSS           SSS2j           Tot
        0.450    7.34641E+00    1.71317E-13    5.44620E-15    1.74904E-16    2.69138E-17    4.81975E-18    7.34641E+00
        0.550    7.02701E+00    3.64513E-14    1.18715E-15    3.68990E-17    2.57505E-17    1.02045E-18    7.02701E+00
        0.650    6.25844E+00    9.95498E-15    3.45388E-16    9.97387E-18    2.45355E-17    2.77004E-19    6.25844E+00
        0.750    5.29876E+00    3.26990E-15    1.29562E-16    3.21749E-18    2.33144E-17    8.97816E-20    5.29876E+00
        0.850    4.32146E+00    1.24564E-15    6.15928E-17    1.18551E-18    2.21197E-17    3.32485E-20    4.32146E+00
        0.950    3.42537E+00    5.38952E-16    3.58638E-17    4.84626E-19    2.09731E-17    1.36641E-20    3.42537E+00
        1.050    2.65540E+00    2.61310E-16    2.42364E-17    2.15386E-19    1.98870E-17    6.10642E-21    2.65540E+00
        1.150    2.02245E+00    1.40334E-16    1.80259E-17    1.02552E-19    1.88675E-17    2.92401E-21    2.02245E+00
        1.250    1.51854E+00    8.24089E-17    1.41999E-17    5.17357E-20    1.79166E-17    1.48368E-21    1.51854E+00
        1.350    1.12691E+00    5.21479E-17    1.15743E-17    2.74186E-20    1.70329E-17    7.90962E-22    1.12691E+00
        1.450    8.28200E-01    3.50301E-17    9.63428E-18    1.51630E-20    1.62136E-17    4.40039E-22    8.28200E-01
        1.550    6.03718E-01    2.46413E-17    8.13032E-18    8.70272E-21    1.54549E-17    2.54089E-22    6.03718E-01
        1.650    4.37041E-01    1.79480E-17    6.92790E-18    5.16097E-21    1.47525E-17    1.51604E-22    4.37041E-01
        1.750    3.14507E-01    1.34197E-17    5.94689E-18    3.15078E-21    1.41020E-17    9.31242E-23    3.14507E-01
        1.850    2.25168E-01    1.02349E-17    5.13532E-18    1.97414E-21    1.34991E-17    5.87085E-23    2.25168E-01
        1.950    1.60487E-01    7.92645E-18    4.45710E-18    1.26612E-21    1.29398E-17    3.78869E-23    1.60487E-01
          %pt           TTT           TTS           TSS           TSS2j           SSS           SSS2j           Tot
        0.450    7.40456E+00    1.72220E-13    5.46053E-15    1.75364E-16    2.69138E-17    4.81975E-18    7.40456E+00
        0.550    7.08264E+00    3.66434E-14    1.19027E-15    3.69961E-17    2.57505E-17    1.02045E-18    7.08264E+00
        0.650    6.30797E+00    1.00074E-14    3.46297E-16    1.00001E-17    2.45355E-17    2.77004E-19    6.30797E+00
        0.750    5.34071E+00    3.28713E-15    1.29903E-16    3.22596E-18    2.33144E-17    8.97816E-20    5.34071E+00
        0.850    4.35567E+00    1.25221E-15    6.17549E-17    1.18863E-18    2.21197E-17    3.32485E-20    4.35567E+00
        0.950    3.45248E+00    5.41792E-16    3.59582E-17    4.85902E-19    2.09731E-17    1.36641E-20    3.45248E+00
        1.050    2.67641E+00    2.62687E-16    2.43001E-17    2.15953E-19    1.98870E-17    6.10642E-21    2.67641E+00
        1.150    2.03846E+00    1.41074E-16    1.80733E-17    1.02822E-19    1.88675E-17    2.92401E-21    2.03846E+00
        1.250    1.53056E+00    8.28432E-17    1.42372E-17    5.18718E-20    1.79166E-17    1.48368E-21    1.53056E+00
        1.350    1.13583E+00    5.24227E-17    1.16047E-17    2.74907E-20    1.70329E-17    7.90962E-22    1.13583E+00
        1.450    8.34756E-01    3.52147E-17    9.65963E-18    1.52029E-20    1.62136E-17    4.40039E-22    8.34756E-01
        1.550    6.08497E-01    2.47711E-17    8.15171E-18    8.72562E-21    1.54549E-17    2.54089E-22    6.08497E-01
        1.650    4.40501E-01    1.80426E-17    6.94613E-18    5.17455E-21    1.47525E-17    1.51604E-22    4.40501E-01
        1.750    3.16997E-01    1.34904E-17    5.96254E-18    3.15908E-21    1.41020E-17    9.31242E-23    3.16997E-01
        1.850    2.26951E-01    1.02889E-17    5.14883E-18    1.97933E-21    1.34991E-17    5.87085E-23    2.26951E-01
        1.950    1.61757E-01    7.96823E-18    4.46883E-18    1.26945E-21    1.29398E-17    3.78869E-23    1.61757E-01
          %pt           TTT           TTS           TSS           TSS2j           SSS           SSS2j           Tot
        0.450    7.46302E+00    1.73125E-13    5.47487E-15    1.75825E-16    2.69138E-17    4.81975E-18    7.46302E+00
        0.550    7.13855E+00    3.68360E-14    1.19340E-15    3.70932E-17    2.57505E-17    1.02045E-18    7.13855E+00
        0.650    6.35777E+00    1.00600E-14    3.47206E-16    1.00264E-17    2.45355E-17    2.77004E-19    6.35777E+00
        0.750    5.38287E+00    3.30441E-15    1.30244E-16    3.23443E-18    2.33144E-17    8.97816E-20    5.38287E+00
        0.850    4.39006E+00    1.25879E-15    6.19170E-17    1.19175E-18    2.21197E-17    3.32485E-20    4.39006E+00
        0.950    3.47974E+00    5.44640E-16    3.60525E-17    4.87177E-19    2.09731E-17    1.36641E-20    3.47974E+00
        1.050    2.69754E+00    2.64067E-16    2.43639E-17    2.16520E-19    1.98870E-17    6.10642E-21    2.69754E+00
        1.150    2.05455E+00    1.41815E-16    1.81208E-17    1.03092E-19    1.88675E-17    2.92401E-21    2.05455E+00
        1.250    1.54264E+00    8.32786E-17    1.42746E-17    5.20080E-20    1.79166E-17    1.48368E-21    1.54264E+00
        1.350    1.14480E+00    5.26982E-17    1.16352E-17    2.75629E-20    1.70329E-17    7.90962E-22    1.14480E+00
        1.450    8.41346E-01    3.53998E-17    9.68498E-18    1.52428E-20    1.62136E-17    4.40039E-22    8.41346E-01
        1.550    6.13301E-01    2.49013E-17    8.17311E-18    8.74852E-21    1.54549E-17    2.54089E-22    6.13301E-01
        1.650    4.43979E-01    1.81374E-17    6.96436E-18    5.18814E-21    1.47525E-17    1.51604E-22    4.43979E-01
        1.750    3.19499E-01    1.35613E-17    5.97819E-18    3.16737E-21    1.41020E-17    9.31242E-23    3.19499E-01
        1.850    2.28742E-01    1.03430E-17    5.16234E-18    1.98453E-21    1.34991E-17    5.87085E-23    2.28742E-01
        1.950    1.63034E-01    8.01011E-18    4.48056E-18    1.27278E-21    1.29398E-17    3.78869E-23    1.63034E-01
          %pt           TTT           TTS           TSS           TSS2j           SSS           SSS2j           Tot
        0.450    7.52178E+00    1.74033E-13    5.48920E-15    1.76285E-16    2.69138E-17    4.81975E-18    7.52178E+00
        0.550    7.19476E+00    3.70291E-14    1.19652E-15    3.71903E-17    2.57505E-17    1.02045E-18    7.19476E+00
        0.650    6.40783E+00    1.01128E-14    3.48115E-16    1.00526E-17    2.45355E-17    2.77004E-19    6.40783E+00
        0.750    5.42525E+00    3.32173E-15    1.30585E-16    3.24290E-18    2.33144E-17    8.97816E-20    5.42525E+00
        0.850    4.42463E+00    1.26539E-15    6.20791E-17    1.19487E-18    2.21197E-17    3.32485E-20    4.42463E+00
        0.950    3.50714E+00    5.47496E-16    3.61469E-17    4.88452E-19    2.09731E-17    1.36641E-20    3.50714E+00
        1.050    2.71878E+00    2.65452E-16    2.44277E-17    2.17087E-19    1.98870E-17    6.10642E-21    2.71878E+00
        1.150    2.07073E+00    1.42559E-16    1.81682E-17    1.03362E-19    1.88675E-17    2.92401E-21    2.07073E+00
        1.250    1.55479E+00    8.37152E-17    1.43120E-17    5.21441E-20    1.79166E-17    1.48368E-21    1.55479E+00
        1.350    1.15382E+00    5.29745E-17    1.16657E-17    2.76350E-20    1.70329E-17    7.90962E-22    1.15382E+00
        1.450    8.47971E-01    3.55854E-17    9.71034E-18    1.52827E-20    1.62136E-17    4.40039E-22    8.47971E-01
        1.550    6.18130E-01    2.50319E-17    8.19451E-18    8.77142E-21    1.54549E-17    2.54089E-22    6.18130E-01
        1.650    4.47474E-01    1.82325E-17    6.98259E-18    5.20172E-21    1.47525E-17    1.51604E-22    4.47474E-01
        1.750    3.22015E-01    1.36324E-17    5.99384E-18    3.17566E-21    1.41020E-17    9.31242E-23    3.22015E-01
        1.850    2.30543E-01    1.03972E-17    5.17586E-18    1.98972E-21    1.34991E-17    5.87085E-23    2.30543E-01
        1.950    1.64318E-01    8.05210E-18    4.49229E-18    1.27611E-21    1.29398E-17    3.78869E-23    1.64318E-01
          %pt           TTT           TTS           TSS           TSS2j           SSS           SSS2j           Tot
        0.450    7.58085E+00    1.74943E-13    5.50353E-15    1.76745E-16    2.69138E-17    4.81975E-18    7.58085E+00
        0.550    7.25126E+00    3.72227E-14    1.19964E-15    3.72874E-17    2.57505E-17    1.02045E-18    7.25126E+00
        0.650    6.45816E+00    1.01657E-14    3.49024E-16    1.00789E-17    2.45355E-17    2.77004E-19    6.45816E+00
        0.750    5.46786E+00    3.33910E-15    1.30926E-16    3.25136E-18    2.33144E-17    8.97816E-20    5.46786E+00
        0.850    4.45937E+00    1.27201E-15    6.22411E-17    1.19799E-18    2.21197E-17    3.32485E-20    4.45937E+00
        0.950    3.53468E+00    5.50358E-16    3.62413E-17    4.89728E-19    2.09731E-17    1.36641E-20    3.53468E+00
        1.050    2.74014E+00    2.66840E-16    2.44915E-17    2.17653E-19    1.98870E-17    6.10642E-21    2.74014E+00
        1.150    2.08699E+00    1.43304E-16    1.82157E-17    1.03632E-19    1.88675E-17    2.92401E-21    2.08699E+00
        1.250    1.56700E+00    8.41530E-17    1.43493E-17    5.22803E-20    1.79166E-17    1.48368E-21    1.56700E+00
        1.350    1.16288E+00    5.32515E-17    1.16961E-17    2.77072E-20    1.70329E-17    7.90962E-22    1.16288E+00
        1.450    8.54630E-01    3.57714E-17    9.73569E-18    1.53226E-20    1.62136E-17    4.40039E-22    8.54630E-01
        1.550    6.22984E-01    2.51628E-17    8.21590E-18    8.79433E-21    1.54549E-17    2.54089E-22    6.22984E-01
        1.650    4.50989E-01    1.83278E-17    7.00082E-18    5.21530E-21    1.47525E-17    1.51604E-22    4.50989E-01
        1.750    3.24544E-01    1.37037E-17    6.00949E-18    3.18395E-21    1.41020E-17    9.31242E-23    3.24544E-01
        1.850    2.32354E-01    1.04515E-17    5.18937E-18    1.99492E-21    1.34991E-17    5.87085E-23    2.32354E-01
        1.950    1.65608E-01    8.09420E-18    4.50402E-18    1.27945E-21    1.29398E-17    3.78869E-23    1.65608E-01
          %pt           TTT           TTS           TSS           TSS2j           SSS           SSS2j           Tot
        0.450    7.64023E+00    1.75855E-13    5.51786E-15    1.77205E-16    2.69138E-17    4.81975E-18    7.64023E+00
        0.550    7.30806E+00    3.74168E-14    1.20277E-15    3.73845E-17    2.57505E-17    1.02045E-18    7.30806E+00
        0.650    6.50874E+00    1.02187E-14    3.49933E-16    1.01051E-17    2.45355E-17    2.77004E-19    6.50874E+00
        0.750    5.51069E+00    3.35651E-15    1.31267E-16    3.25983E-18    2.33144E-17    8.97816E-20    5.51069E+00
        0.850    4.49430E+00    1.27864E-15    6.24032E-17    1.20111E-18    2.21197E-17    3.32485E-20    4.49430E+00
        0.950    3.56236E+00    5.53228E-16    3.63357E-17    4.91003E-19    2.09731E-17    1.36641E-20    3.56236E+00
        1.050    2.76160E+00    2.68231E-16    2.45553E-17    2.18220E-19    1.98870E-17    6.10642E-21    2.76160E+00
        1.150    2.10334E+00    1.44051E-16    1.82631E-17    1.03902E-19    1.88675E-17    2.92401E-21    2.10334E+00
        1.250    1.57927E+00    8.45918E-17    1.43867E-17    5.24164E-20    1.79166E-17    1.48368E-21    1.57927E+00
        1.350    1.17199E+00    5.35292E-17    1.17266E-17    2.77794E-20    1.70329E-17    7.90962E-22    1.17199E+00
        1.450    8.61324E-01    3.59580E-17    9.76104E-18    1.53625E-20    1.62136E-17    4.40039E-22    8.61324E-01
        1.550    6.27864E-01    2.52940E-17    8.23730E-18    8.81723E-21    1.54549E-17    2.54089E-22    6.27864E-01
        1.650    4.54521E-01    1.84234E-17    7.01905E-18    5.22888E-21    1.47525E-17    1.51604E-22    4.54521E-01
        1.750    3.27086E-01    1.37751E-17    6.02514E-18    3.19224E-21    1.41020E-17    9.31242E-23    3.27086E-01
        1.850    2.34174E-01    1.05061E-17    5.20289E-18    2.00011E-21    1.34991E-17    5.87085E-23    2.34174E-01
        1.950    1.66905E-01    8.13642E-18    4.51575E-18    1.28278E-21    1.29398E-17    3.78869E-23    1.66905E-01
          %pt           TTT           TTS           TSS           TSS2j           SSS           SSS2j           Tot
        0.450    7.69992E+00    1.76770E-13    5.53219E-15    1.77666E-16    2.69138E-17    4.81975E-18    7.69992E+00
        0.550    7.36516E+00    3.76114E-14    1.20589E-15    3.74816E-17    2.57505E-17    1.02045E-18    7.36516E+00
        0.650    6.55959E+00    1.02718E-14    3.50842E-16    1.01313E-17    2.45355E-17    2.77004E-19    6.55959E+00
        0.750    5.55374E+00    3.37397E-15    1.31608E-16    3.26830E-18    2.33144E-17    8.97816E-20    5.55374E+00
        0.850    4.52941E+00    1.28529E-15    6.25653E-17    1.20423E-18    2.21197E-17    3.32485E-20    4.52941E+00
        0.950    3.59020E+00    5.56106E-16    3.64301E-17    4.92278E-19    2.09731E-17    1.36641E-20    3.59020E+00
        1.050    2.78317E+00    2.69627E-16    2.46190E-17    2.18787E-19    1.98870E-17    6.10642E-21    2.78317E+00
        1.150    2.11977E+00    1.44801E-16    1.83105E-17    1.04172E-19    1.88675E-17    2.92401E-21    2.11977E+00
        1.250    1.59161E+00    8.50318E-17    1.44241E-17    5.25526E-20    1.79166E-17    1.48368E-21    1.59161E+00
        1.350    1.18114E+00    5.38076E-17    1.17570E-17    2.78515E-20    1.70329E-17    7.90962E-22    1.18114E+00
        1.450    8.68054E-01    3.61450E-17    9.78640E-18    1.54024E-20    1.62136E-17    4.40039E-22    8.68054E-01
        1.550    6.32769E-01    2.54256E-17    8.25869E-18    8.84013E-21    1.54549E-17    2.54089E-22    6.32769E-01
        1.650    4.58072E-01    1.85192E-17    7.03728E-18    5.24246E-21    1.47525E-17    1.51604E-22    4.58072E-01
        1.750    3.29641E-01    1.38468E-17    6.04079E-18    3.20053E-21    1.41020E-17    9.31242E-23    3.29641E-01
        1.850    2.36004E-01    1.05607E-17    5.21640E-18    2.00531E-21    1.34991E-17    5.87085E-23    2.36004E-01
        1.950    1.68209E-01    8.17874E-18    4.52748E-18    1.28611E-21    1.29398E-17    3.78869E-23    1.68209E-01
          %pt           TTT           TTS           TSS           TSS2j           SSS           SSS2j           Tot
        0.450    7.75992E+00    1.77687E-13    5.54653E-15    1.78126E-16    2.69138E-17    4.81975E-18    7.75992E+00
        0.550    7.42255E+00    3.78066E-14    1.20902E-15    3.75787E-17    2.57505E-17    1.02045E-18    7.42255E+00
        0.650    6.61071E+00    1.03251E-14    3.51750E-16    1.01576E-17    2.45355E-17    2.77004E-19    6.61071E+00
        0.750    5.59702E+00    3.39148E-15    1.31949E-16    3.27676E-18    2.33144E-17    8.97816E-20    5.59702E+00
        0.850    4.56471E+00    1.29196E-15    6.27274E-17    1.20735E-18    2.21197E-17    3.32485E-20    4.56471E+00
        0.950    3.61817E+00    5.58991E-16    3.65244E-17    4.93554E-19    2.09731E-17    1.36641E-20    3.61817E+00
        1.050    2.80486E+00    2.71025E-16    2.46828E-17    2.19354E-19    1.98870E-17    6.10642E-21    2.80486E+00
        1.150    2.13629E+00    1.45552E-16    1.83580E-17    1.04442E-19    1.88675E-17    2.92401E-21    2.13629E+00
        1.250    1.60401E+00    8.54730E-17    1.44614E-17    5.26887E-20    1.79166E-17    1.48368E-21    1.60401E+00
        1.350    1.19035E+00    5.40868E-17    1.17875E-17    2.79237E-20    1.70329E-17    7.90962E-22    1.19035E+00
        1.450    8.74818E-01    3.63325E-17    9.81175E-18    1.54423E-20    1.62136E-17    4.40039E-22    8.74818E-01
        1.550    6.37700E-01    2.55575E-17    8.28009E-18    8.86303E-21    1.54549E-17    2.54089E-22    6.37700E-01
        1.650    4.61641E-01    1.86153E-17    7.05552E-18    5.25604E-21    1.47525E-17    1.51604E-22    4.61641E-01
        1.750    3.32210E-01    1.39186E-17    6.05644E-18    3.20883E-21    1.41020E-17    9.31242E-23    3.32210E-01
        1.850    2.37842E-01    1.06155E-17    5.22991E-18    2.01051E-21    1.34991E-17    5.87085E-23    2.37842E-01
        1.950    1.69520E-01    8.22117E-18    4.53921E-18    1.28944E-21    1.29398E-17    3.78869E-23    1.69520E-01
