          %pt            TT            TS            SS            SS2j            Tot
        1.500    3.10087E-01    2.83975E-02    5.46699E-03    2.89771E-05    3.43980E-01
        2.500    6.06407E-02    1.17470E-02    2.31493E-03    4.24445E-05    7.47451E-02
        3.500    1.05761E-02    4.17572E-03    8.72907E-04    2.73074E-05    1.56521E-02
        4.500    1.80886E-03    1.35708E-03    3.40642E-04    1.28387E-05    3.51943E-03
        5.500    3.11358E-04    4.45470E-04    1.52815E-04    5.56908E-06    9.15212E-04
        7.000    2.28490E-05    1.01588E-04    5.70342E-05    1.70860E-06    1.83180E-04
       10.000    1.36785E-07    1.06619E-05    1.22834E-05    2.43484E-07    2.33256E-05
       14.000    1.77945E-10    1.10140E-06    2.26523E-06    3.11387E-08    3.39795E-06
       20.000    1.08155E-14    4.80258E-08    1.57503E-07    2.01856E-09    2.07547E-07
