          %pt            TT            TS            SS            SS2j            Tot
        0.050    5.40802E-05    0.00000E+00    0.00000E+00    0.00000E+00    0.00000E+00
        0.250    5.11716E-05    0.00000E+00    0.00000E+00    0.00000E+00    0.00000E+00
        0.449    4.50126E-05    0.00000E+00    0.00000E+00    0.00000E+00    0.00000E+00
        0.649    3.68683E-05    0.00000E+00    0.00000E+00    0.00000E+00    0.00000E+00
        0.848    2.81861E-05    0.00000E+00    0.00000E+00    0.00000E+00    0.00000E+00
        1.048    2.01752E-05    0.00000E+00    0.00000E+00    0.00000E+00    0.00000E+00
        1.247    1.35693E-05    0.00000E+00    0.00000E+00    0.00000E+00    0.00000E+00
        1.447    8.60901E-06    0.00000E+00    0.00000E+00    0.00000E+00    0.00000E+00
        1.646    5.17349E-06    0.00000E+00    0.00000E+00    0.00000E+00    0.00000E+00
        1.846    2.95696E-06    0.00000E+00    0.00000E+00    0.00000E+00    0.00000E+00
        2.045    1.61400E-06    0.00000E+00    0.00000E+00    0.00000E+00    0.00000E+00
        2.245    8.44623E-07    0.00000E+00    0.00000E+00    0.00000E+00    0.00000E+00
        2.444    4.25336E-07    0.00000E+00    0.00000E+00    0.00000E+00    0.00000E+00
        2.644    2.06831E-07    0.00000E+00    0.00000E+00    0.00000E+00    0.00000E+00
        2.843    9.74332E-08    0.00000E+00    0.00000E+00    0.00000E+00    0.00000E+00
        3.043    4.45943E-08    0.00000E+00    0.00000E+00    0.00000E+00    0.00000E+00
        3.242    1.98836E-08    0.00000E+00    0.00000E+00    0.00000E+00    0.00000E+00
        3.442    8.65777E-09    0.00000E+00    0.00000E+00    0.00000E+00    0.00000E+00
        3.641    3.68948E-09    0.00000E+00    0.00000E+00    0.00000E+00    0.00000E+00
        3.841    1.54180E-09    0.00000E+00    0.00000E+00    0.00000E+00    0.00000E+00
        4.040    6.32948E-10    0.00000E+00    0.00000E+00    0.00000E+00    0.00000E+00
        4.240    2.55667E-10    0.00000E+00    0.00000E+00    0.00000E+00    0.00000E+00
        4.439    1.01758E-10    0.00000E+00    0.00000E+00    0.00000E+00    0.00000E+00
        4.639    3.99591E-11    0.00000E+00    0.00000E+00    0.00000E+00    0.00000E+00
        4.838    1.54992E-11    0.00000E+00    0.00000E+00    0.00000E+00    0.00000E+00
        5.038    5.94439E-12    0.00000E+00    0.00000E+00    0.00000E+00    0.00000E+00
        5.237    2.25638E-12    0.00000E+00    0.00000E+00    0.00000E+00    0.00000E+00
        5.437    8.48380E-13    0.00000E+00    0.00000E+00    0.00000E+00    0.00000E+00
        5.636    3.16208E-13    0.00000E+00    0.00000E+00    0.00000E+00    0.00000E+00
        5.836    1.16911E-13    0.00000E+00    0.00000E+00    0.00000E+00    0.00000E+00
        6.035    4.29052E-14    0.00000E+00    0.00000E+00    0.00000E+00    0.00000E+00
        6.235    1.56380E-14    0.00000E+00    0.00000E+00    0.00000E+00    0.00000E+00
        6.434    5.66352E-15    0.00000E+00    0.00000E+00    0.00000E+00    0.00000E+00
        6.634    2.03906E-15    0.00000E+00    0.00000E+00    0.00000E+00    0.00000E+00
        6.833    7.30122E-16    0.00000E+00    0.00000E+00    0.00000E+00    0.00000E+00
        7.033    2.60105E-16    0.00000E+00    0.00000E+00    0.00000E+00    0.00000E+00
        7.232    9.22232E-17    0.00000E+00    0.00000E+00    0.00000E+00    0.00000E+00
        7.432    3.25546E-17    0.00000E+00    0.00000E+00    0.00000E+00    0.00000E+00
        7.631    1.14443E-17    0.00000E+00    0.00000E+00    0.00000E+00    0.00000E+00
        7.831    4.00766E-18    0.00000E+00    0.00000E+00    0.00000E+00    0.00000E+00
        8.030    1.39837E-18    0.00000E+00    0.00000E+00    0.00000E+00    0.00000E+00
        8.230    4.86276E-19    0.00000E+00    0.00000E+00    0.00000E+00    0.00000E+00
        8.429    1.68563E-19    0.00000E+00    0.00000E+00    0.00000E+00    0.00000E+00
        8.629    5.82568E-20    0.00000E+00    0.00000E+00    0.00000E+00    0.00000E+00
        8.828    2.00776E-20    0.00000E+00    0.00000E+00    0.00000E+00    0.00000E+00
        9.028    6.90127E-21    0.00000E+00    0.00000E+00    0.00000E+00    0.00000E+00
        9.227    2.36627E-21    0.00000E+00    0.00000E+00    0.00000E+00    0.00000E+00
        9.427    8.09432E-22    0.00000E+00    0.00000E+00    0.00000E+00    0.00000E+00
        9.626    2.76269E-22    0.00000E+00    0.00000E+00    0.00000E+00    0.00000E+00
        9.826    9.40968E-23    0.00000E+00    0.00000E+00    0.00000E+00    0.00000E+00
       10.025    3.19857E-23    0.00000E+00    0.00000E+00    0.00000E+00    0.00000E+00
       10.225    1.08523E-23    0.00000E+00    0.00000E+00    0.00000E+00    0.00000E+00
       10.424    3.67548E-24    0.00000E+00    0.00000E+00    0.00000E+00    0.00000E+00
       10.624    1.24272E-24    0.00000E+00    0.00000E+00    0.00000E+00    0.00000E+00
       10.823    4.19507E-25    0.00000E+00    0.00000E+00    0.00000E+00    0.00000E+00
       11.023    1.41398E-25    0.00000E+00    0.00000E+00    0.00000E+00    0.00000E+00
       11.222    4.75904E-26    0.00000E+00    0.00000E+00    0.00000E+00    0.00000E+00
       11.422    1.59955E-26    0.00000E+00    0.00000E+00    0.00000E+00    0.00000E+00
       11.621    5.36918E-27    0.00000E+00    0.00000E+00    0.00000E+00    0.00000E+00
       11.821    1.80002E-27    0.00000E+00    0.00000E+00    0.00000E+00    0.00000E+00
       12.020    6.02737E-28    0.00000E+00    0.00000E+00    0.00000E+00    0.00000E+00
       12.220    2.01598E-28    0.00000E+00    0.00000E+00    0.00000E+00    0.00000E+00
       12.419    6.73559E-29    0.00000E+00    0.00000E+00    0.00000E+00    0.00000E+00
       12.619    2.24810E-29    0.00000E+00    0.00000E+00    0.00000E+00    0.00000E+00
       12.818    7.49593E-30    0.00000E+00    0.00000E+00    0.00000E+00    0.00000E+00
       13.018    2.49704E-30    0.00000E+00    0.00000E+00    0.00000E+00    0.00000E+00
       13.217    8.31060E-31    0.00000E+00    0.00000E+00    0.00000E+00    0.00000E+00
       13.417    2.76352E-31    0.00000E+00    0.00000E+00    0.00000E+00    0.00000E+00
       13.616    9.18193E-32    0.00000E+00    0.00000E+00    0.00000E+00    0.00000E+00
       13.816    3.04831E-32    0.00000E+00    0.00000E+00    0.00000E+00    0.00000E+00
       14.015    1.01124E-32    0.00000E+00    0.00000E+00    0.00000E+00    0.00000E+00
       14.215    3.35221E-33    0.00000E+00    0.00000E+00    0.00000E+00    0.00000E+00
       14.414    1.11046E-33    0.00000E+00    0.00000E+00    0.00000E+00    0.00000E+00
       14.614    3.67607E-34    0.00000E+00    0.00000E+00    0.00000E+00    0.00000E+00
       14.813    1.21614E-34    0.00000E+00    0.00000E+00    0.00000E+00    0.00000E+00
       15.013    4.02079E-35    0.00000E+00    0.00000E+00    0.00000E+00    0.00000E+00
       15.212    1.32856E-35    0.00000E+00    0.00000E+00    0.00000E+00    0.00000E+00
       15.412    4.38733E-36    0.00000E+00    0.00000E+00    0.00000E+00    0.00000E+00
       15.611    1.44803E-36    0.00000E+00    0.00000E+00    0.00000E+00    0.00000E+00
       15.811    4.77668E-37    0.00000E+00    0.00000E+00    0.00000E+00    0.00000E+00
       16.010    1.57489E-37    0.00000E+00    0.00000E+00    0.00000E+00    0.00000E+00
       16.210    5.18991E-38    0.00000E+00    0.00000E+00    0.00000E+00    0.00000E+00
       16.409    1.70947E-38    0.00000E+00    0.00000E+00    0.00000E+00    0.00000E+00
       16.609    5.62815E-39    0.00000E+00    0.00000E+00    0.00000E+00    0.00000E+00
       16.808    1.85215E-39    0.00000E+00    0.00000E+00    0.00000E+00    0.00000E+00
       17.008    6.09258E-40    0.00000E+00    0.00000E+00    0.00000E+00    0.00000E+00
       17.207    2.00330E-40    0.00000E+00    0.00000E+00    0.00000E+00    0.00000E+00
       17.407    6.58444E-41    0.00000E+00    0.00000E+00    0.00000E+00    0.00000E+00
       17.606    2.16334E-41    0.00000E+00    0.00000E+00    0.00000E+00    0.00000E+00
       17.806    7.10506E-42    0.00000E+00    0.00000E+00    0.00000E+00    0.00000E+00
       18.005    2.33268E-42    0.00000E+00    0.00000E+00    0.00000E+00    0.00000E+00
       18.205    7.65581E-43    0.00000E+00    0.00000E+00    0.00000E+00    0.00000E+00
       18.404    2.51178E-43    0.00000E+00    0.00000E+00    0.00000E+00    0.00000E+00
       18.604    8.23818E-44    0.00000E+00    0.00000E+00    0.00000E+00    0.00000E+00
       18.803    2.70112E-44    0.00000E+00    0.00000E+00    0.00000E+00    0.00000E+00
       19.003    8.85369E-45    0.00000E+00    0.00000E+00    0.00000E+00    0.00000E+00
       19.202    2.90119E-45    0.00000E+00    0.00000E+00    0.00000E+00    0.00000E+00
       19.402    9.50397E-46    0.00000E+00    0.00000E+00    0.00000E+00    0.00000E+00
       19.601    3.11253E-46    0.00000E+00    0.00000E+00    0.00000E+00    0.00000E+00
       19.801    1.01907E-46    0.00000E+00    0.00000E+00    0.00000E+00    0.00000E+00
