          %pt            Sj
        0.030    1.63004E+02
        0.060    1.39326E+02
        0.090    1.22524E+02
        0.120    1.09054E+02
        0.150    9.77932E+01
        0.180    8.81515E+01
        0.210    7.97725E+01
        0.240    7.23690E+01
        0.270    6.59120E+01
        0.300    6.00970E+01
        0.330    5.49751E+01
        0.360    5.03685E+01
        0.390    4.62725E+01
        0.420    4.25042E+01
        0.450    3.91763E+01
        0.480    3.61231E+01
        0.510    3.34257E+01
        0.540    3.09285E+01
        0.570    2.86602E+01
        0.600    2.66091E+01
        0.630    2.47416E+01
        0.660    2.30283E+01
        0.690    2.14488E+01
        0.720    2.00196E+01
        0.750    1.87118E+01
        0.780    1.75101E+01
        0.810    1.63676E+01
        0.840    1.53427E+01
        0.870    1.43891E+01
        0.900    1.35220E+01
        0.930    1.27195E+01
        0.960    1.19699E+01
        0.990    1.12706E+01
        1.020    1.06347E+01
        1.050    1.00369E+01
        1.080    9.47074E+00
        1.110    8.95239E+00
        1.140    8.46217E+00
        1.170    8.02645E+00
        1.200    7.60253E+00
        1.230    7.20731E+00
        1.260    6.84543E+00
        1.290    6.50252E+00
        1.320    6.17822E+00
        1.350    5.87566E+00
        1.380    5.59021E+00
        1.410    5.32446E+00
        1.440    5.07546E+00
        1.470    4.84436E+00
        1.500    4.62108E+00
        1.530    4.41502E+00
        1.560    4.21076E+00
        1.590    4.02701E+00
        1.620    3.85170E+00
        1.650    3.68873E+00
        1.680    3.52892E+00
        1.710    3.38440E+00
        1.740    3.24437E+00
        1.770    3.10930E+00
        1.800    2.98323E+00
        1.830    2.86446E+00
        1.860    2.75156E+00
        1.890    2.64490E+00
        1.920    2.54275E+00
        1.950    2.44454E+00
        1.980    2.35223E+00
        2.010    2.26607E+00
        2.040    2.18126E+00
        2.070    2.10327E+00
        2.100    2.02881E+00
        2.130    1.95711E+00
        2.160    1.88694E+00
        2.190    1.82007E+00
        2.220    1.76028E+00
        2.250    1.69752E+00
        2.280    1.64138E+00
        2.310    1.58762E+00
        2.340    1.53467E+00
        2.370    1.48356E+00
        2.400    1.43708E+00
        2.430    1.39030E+00
        2.460    1.34735E+00
        2.490    1.30331E+00
        2.520    1.26473E+00
        2.550    1.22503E+00
        2.580    1.18939E+00
        2.610    1.15357E+00
        2.640    1.11931E+00
        2.670    1.08568E+00
        2.700    1.05412E+00
        2.730    1.02363E+00
        2.760    9.95653E-01
        2.790    9.66036E-01
        2.820    9.39428E-01
        2.850    9.12247E-01
        2.880    8.88919E-01
        2.910    8.64480E-01
        2.940    8.41751E-01
        2.970    8.19913E-01
        3.000    7.97745E-01
        3.030    7.76684E-01
        3.060    7.55820E-01
        3.090    7.37357E-01
        3.120    7.18418E-01
        3.150    7.00258E-01
        3.180    6.82667E-01
        3.210    6.66259E-01
        3.240    6.49246E-01
        3.270    6.34162E-01
        3.300    6.18985E-01
        3.330    6.04235E-01
        3.360    5.90457E-01
        3.390    5.75983E-01
        3.420    5.62815E-01
        3.450    5.51028E-01
        3.480    5.38170E-01
        3.510    5.25722E-01
        3.540    5.14310E-01
        3.570    5.02753E-01
        3.600    4.92269E-01
        3.630    4.80967E-01
        3.660    4.70692E-01
        3.690    4.60881E-01
        3.720    4.51031E-01
        3.750    4.41894E-01
        3.780    4.32978E-01
        3.810    4.23919E-01
        3.840    4.14929E-01
        3.870    4.06496E-01
        3.900    3.98634E-01
        3.930    3.90578E-01
        3.960    3.82916E-01
        3.990    3.75388E-01
        4.020    3.68132E-01
        4.050    3.61372E-01
        4.080    3.53480E-01
        4.110    3.47844E-01
        4.140    3.41038E-01
        4.170    3.34793E-01
        4.200    3.28558E-01
        4.230    3.22765E-01
        4.260    3.15870E-01
        4.290    3.11230E-01
        4.320    3.05549E-01
        4.350    3.00203E-01
        4.380    2.94863E-01
        4.410    2.89694E-01
        4.440    2.84769E-01
        4.470    2.79805E-01
        4.500    2.75067E-01
        4.530    2.70593E-01
        4.560    2.65527E-01
        4.590    2.61766E-01
        4.620    2.57439E-01
        4.650    2.53316E-01
        4.680    2.49186E-01
        4.710    2.45097E-01
        4.740    2.40531E-01
        4.770    2.37319E-01
        4.800    2.33826E-01
        4.830    2.30015E-01
        4.860    2.26492E-01
        4.890    2.22887E-01
        4.920    2.19717E-01
        4.950    2.16349E-01
        4.980    2.13072E-01
        5.010    2.09945E-01
        5.040    2.07009E-01
        5.070    2.03849E-01
        5.100    2.00757E-01
        5.130    1.98042E-01
        5.160    1.95186E-01
        5.190    1.92453E-01
        5.220    1.89777E-01
        5.250    1.87001E-01
        5.280    1.84088E-01
        5.310    1.81868E-01
        5.340    1.78880E-01
        5.370    1.76962E-01
        5.400    1.74600E-01
        5.430    1.72445E-01
        5.460    1.69999E-01
        5.490    1.67661E-01
        5.520    1.65667E-01
        5.550    1.63158E-01
        5.580    1.60691E-01
        5.610    1.59040E-01
        5.640    1.57065E-01
        5.670    1.55206E-01
        5.700    1.52880E-01
        5.730    1.51224E-01
        5.760    1.49589E-01
        5.790    1.47615E-01
        5.820    1.45648E-01
        5.850    1.43832E-01
        5.880    1.41875E-01
        5.910    1.40619E-01
        5.940    1.38923E-01
        5.970    1.37444E-01
        6.000    1.35694E-01
        6.030    1.34064E-01
        6.060    1.32510E-01
        6.090    1.30842E-01
        6.120    1.29281E-01
        6.150    1.28223E-01
        6.180    1.26566E-01
        6.210    1.25246E-01
        6.240    1.23738E-01
        6.270    1.22509E-01
        6.300    1.20865E-01
        6.330    1.19742E-01
        6.360    1.18436E-01
        6.390    1.17235E-01
        6.420    1.15967E-01
        6.450    1.14787E-01
        6.480    1.13254E-01
        6.510    1.12326E-01
        6.540    1.11092E-01
        6.570    1.09995E-01
        6.600    1.08916E-01
        6.630    1.07812E-01
        6.660    1.06577E-01
        6.690    1.05560E-01
        6.720    1.04423E-01
        6.750    1.03534E-01
        6.780    1.02491E-01
        6.810    1.01437E-01
        6.840    1.00449E-01
        6.870    9.94618E-02
        6.900    9.84774E-02
        6.930    9.75003E-02
        6.960    9.66488E-02
        6.990    9.57712E-02
        7.020    9.48422E-02
        7.050    9.39884E-02
        7.080    9.29866E-02
        7.110    9.22121E-02
        7.140    9.12038E-02
        7.170    9.04614E-02
        7.200    8.96338E-02
        7.230    8.88410E-02
        7.260    8.78871E-02
        7.290    8.70680E-02
        7.320    8.65031E-02
        7.350    8.56484E-02
        7.380    8.48795E-02
        7.410    8.41456E-02
        7.440    8.35008E-02
        7.470    8.28116E-02
        7.500    8.19188E-02
        7.530    8.13554E-02
        7.560    8.06187E-02
        7.590    7.99370E-02
        7.620    7.92843E-02
        7.650    7.86021E-02
        7.680    7.79517E-02
        7.710    7.72729E-02
        7.740    7.66690E-02
        7.770    7.58958E-02
        7.800    7.54257E-02
        7.830    7.47471E-02
        7.860    7.41317E-02
        7.890    7.35166E-02
        7.920    7.30349E-02
        7.950    7.24591E-02
        7.980    7.18730E-02
        8.010    7.13143E-02
        8.040    7.07085E-02
        8.070    7.01641E-02
        8.100    6.93766E-02
        8.130    6.90961E-02
        8.160    6.84259E-02
        8.190    6.80859E-02
        8.220    6.75460E-02
        8.250    6.70351E-02
        8.280    6.64562E-02
        8.310    6.59674E-02
        8.340    6.55761E-02
        8.370    6.50923E-02
        8.400    6.45980E-02
        8.430    6.41473E-02
        8.460    6.36416E-02
        8.490    6.31103E-02
        8.520    6.27100E-02
        8.550    6.22774E-02
        8.580    6.18346E-02
        8.610    6.13297E-02
        8.640    6.09261E-02
        8.670    6.03960E-02
        8.700    6.00224E-02
        8.730    5.96602E-02
        8.760    5.89252E-02
        8.790    5.88718E-02
        8.820    5.83972E-02
        8.850    5.80135E-02
        8.880    5.76202E-02
        8.910    5.72441E-02
        8.940    5.68798E-02
        8.970    5.65248E-02
        9.000    5.60984E-02
        9.030    5.57106E-02
        9.060    5.53533E-02
        9.090    5.49720E-02
        9.120    5.46181E-02
        9.150    5.42716E-02
        9.180    5.38851E-02
        9.210    5.33597E-02
        9.240    5.29770E-02
        9.270    5.27355E-02
        9.300    5.25345E-02
        9.330    5.21738E-02
        9.360    5.18472E-02
        9.390    5.14885E-02
        9.420    5.11635E-02
        9.450    5.08238E-02
        9.480    5.05297E-02
        9.510    5.02599E-02
        9.540    4.99492E-02
        9.570    4.95618E-02
        9.600    4.93296E-02
        9.630    4.89033E-02
        9.660    4.86854E-02
        9.690    4.83287E-02
        9.720    4.81190E-02
        9.750    4.77938E-02
        9.780    4.75514E-02
        9.810    4.72733E-02
        9.840    4.69262E-02
        9.870    4.66854E-02
        9.900    4.63546E-02
        9.930    4.60963E-02
        9.960    4.59109E-02
        9.990    4.56199E-02
       10.020    4.53693E-02
       10.050    4.51006E-02
       10.080    4.46364E-02
       10.110    4.45342E-02
       10.140    4.42767E-02
       10.170    4.40379E-02
       10.200    4.37955E-02
       10.230    4.35445E-02
       10.260    4.33198E-02
       10.290    4.31131E-02
       10.320    4.27836E-02
       10.350    4.25585E-02
       10.380    4.23053E-02
       10.410    4.20453E-02
       10.440    4.18395E-02
       10.470    4.15804E-02
       10.500    4.13810E-02
       10.530    4.11580E-02
       10.560    4.08997E-02
       10.590    4.07164E-02
       10.620    4.05244E-02
       10.650    4.02881E-02
       10.680    4.00268E-02
       10.710    3.98011E-02
       10.740    3.96276E-02
       10.770    3.94194E-02
       10.800    3.91945E-02
       10.830    3.89968E-02
       10.860    3.88028E-02
       10.890    3.85501E-02
       10.920    3.84205E-02
       10.950    3.81757E-02
       10.980    3.79656E-02
       11.010    3.77709E-02
       11.040    3.75987E-02
       11.070    3.74006E-02
       11.100    3.71550E-02
       11.130    3.69976E-02
       11.160    3.67527E-02
       11.190    3.66365E-02
       11.220    3.64473E-02
       11.250    3.62075E-02
       11.280    3.60747E-02
       11.310    3.58865E-02
       11.340    3.57120E-02
       11.370    3.55413E-02
       11.400    3.53587E-02
       11.430    3.51709E-02
       11.460    3.50133E-02
       11.490    3.47745E-02
       11.520    3.46639E-02
       11.550    3.44440E-02
       11.580    3.43002E-02
       11.610    3.41420E-02
       11.640    3.39712E-02
       11.670    3.37956E-02
       11.700    3.36411E-02
       11.730    3.34597E-02
       11.760    3.32986E-02
       11.790    3.31551E-02
       11.820    3.29648E-02
       11.850    3.28107E-02
       11.880    3.26570E-02
       11.910    3.25295E-02
       11.940    3.23304E-02
       11.970    3.22070E-02
       12.000    3.20271E-02
       12.030    3.18718E-02
       12.060    3.17507E-02
       12.090    3.15992E-02
       12.120    3.14611E-02
       12.150    3.12055E-02
       12.180    3.11690E-02
       12.210    3.09964E-02
       12.240    3.08531E-02
       12.270    3.06377E-02
       12.300    3.05463E-02
       12.330    3.04315E-02
       12.360    3.02661E-02
       12.390    3.01568E-02
       12.420    3.00105E-02
       12.450    2.98464E-02
       12.480    2.97407E-02
       12.510    2.95646E-02
       12.540    2.94583E-02
       12.570    2.93141E-02
       12.600    2.91931E-02
       12.630    2.90717E-02
       12.660    2.89558E-02
       12.690    2.87942E-02
       12.720    2.86727E-02
       12.750    2.85288E-02
       12.780    2.83964E-02
       12.810    2.82830E-02
       12.840    2.81775E-02
       12.870    2.80276E-02
       12.900    2.78917E-02
       12.930    2.77743E-02
       12.960    2.76333E-02
       12.990    2.75246E-02
       13.020    2.74280E-02
       13.050    2.72837E-02
       13.080    2.71559E-02
       13.110    2.70118E-02
       13.140    2.68766E-02
       13.170    2.68100E-02
       13.200    2.66999E-02
       13.230    2.65779E-02
       13.260    2.64542E-02
       13.290    2.63579E-02
       13.320    2.62336E-02
       13.350    2.61240E-02
       13.380    2.59747E-02
       13.410    2.58872E-02
       13.440    2.57917E-02
       13.470    2.56072E-02
       13.500    2.55630E-02
       13.530    2.54294E-02
       13.560    2.53456E-02
       13.590    2.52160E-02
       13.620    2.51347E-02
       13.650    2.50245E-02
       13.680    2.48906E-02
       13.710    2.48114E-02
       13.740    2.46494E-02
       13.770    2.45718E-02
       13.800    2.44683E-02
       13.830    2.43829E-02
       13.860    2.42758E-02
       13.890    2.41817E-02
       13.920    2.40427E-02
       13.950    2.39692E-02
       13.980    2.38756E-02
       14.010    2.37285E-02
       14.040    2.36324E-02
       14.070    2.35816E-02
       14.100    2.34766E-02
       14.130    2.33809E-02
       14.160    2.32666E-02
       14.190    2.31825E-02
       14.220    2.30811E-02
       14.250    2.29715E-02
       14.280    2.28901E-02
       14.310    2.27624E-02
       14.340    2.26913E-02
       14.370    2.26016E-02
       14.400    2.24927E-02
       14.430    2.24243E-02
       14.460    2.23288E-02
       14.490    2.22239E-02
       14.520    2.21463E-02
       14.550    2.20479E-02
       14.580    2.19607E-02
       14.610    2.18672E-02
       14.640    2.17624E-02
       14.670    2.16952E-02
       14.700    2.15987E-02
       14.730    2.14986E-02
       14.760    2.14251E-02
       14.790    2.13003E-02
       14.820    2.12179E-02
       14.850    2.11416E-02
       14.880    2.10504E-02
       14.910    2.09959E-02
       14.940    2.08755E-02
       14.970    2.08028E-02
       15.000    2.07146E-02
       15.030    2.06281E-02
       15.060    2.05470E-02
       15.090    2.04731E-02
       15.120    2.03721E-02
       15.150    2.02696E-02
       15.180    2.02145E-02
       15.210    2.01355E-02
       15.240    2.00549E-02
       15.270    1.99618E-02
       15.300    1.98906E-02
       15.330    1.98224E-02
       15.360    1.97276E-02
       15.390    1.96654E-02
       15.420    1.95772E-02
       15.450    1.94997E-02
       15.480    1.93569E-02
       15.510    1.93421E-02
       15.540    1.92696E-02
       15.570    1.91821E-02
       15.600    1.91004E-02
       15.630    1.90222E-02
       15.660    1.89446E-02
       15.690    1.88809E-02
       15.720    1.87972E-02
       15.750    1.87098E-02
       15.780    1.86401E-02
       15.810    1.85562E-02
       15.840    1.85004E-02
       15.870    1.84094E-02
       15.900    1.83518E-02
       15.930    1.82542E-02
       15.960    1.81977E-02
       15.990    1.81262E-02
       16.020    1.80469E-02
       16.050    1.79787E-02
       16.080    1.78927E-02
       16.110    1.78339E-02
       16.140    1.77514E-02
       16.170    1.76829E-02
       16.200    1.76168E-02
       16.230    1.75395E-02
       16.260    1.74656E-02
       16.290    1.73865E-02
       16.320    1.73301E-02
       16.350    1.72699E-02
       16.380    1.71492E-02
       16.410    1.71138E-02
       16.440    1.70571E-02
       16.470    1.69898E-02
       16.500    1.69018E-02
       16.530    1.68151E-02
       16.560    1.67904E-02
       16.590    1.67161E-02
       16.620    1.66551E-02
       16.650    1.65559E-02
       16.680    1.65208E-02
       16.710    1.64423E-02
       16.740    1.63756E-02
       16.770    1.62833E-02
       16.800    1.62484E-02
       16.830    1.61846E-02
       16.860    1.61236E-02
       16.890    1.60417E-02
       16.920    1.59955E-02
       16.950    1.59201E-02
       16.980    1.58558E-02
       17.010    1.57738E-02
       17.040    1.57235E-02
       17.070    1.56522E-02
       17.100    1.55735E-02
       17.130    1.55501E-02
       17.160    1.54627E-02
       17.190    1.53942E-02
       17.220    1.53524E-02
       17.250    1.52931E-02
       17.280    1.52021E-02
       17.310    1.51643E-02
       17.340    1.50904E-02
       17.370    1.50340E-02
       17.400    1.49590E-02
       17.430    1.49110E-02
       17.460    1.48456E-02
       17.490    1.47965E-02
       17.520    1.47360E-02
       17.550    1.46668E-02
       17.580    1.46084E-02
       17.610    1.45490E-02
       17.640    1.45022E-02
       17.670    1.44343E-02
       17.700    1.43822E-02
       17.730    1.42923E-02
       17.760    1.42584E-02
       17.790    1.41859E-02
       17.820    1.41059E-02
       17.850    1.40754E-02
       17.880    1.40193E-02
       17.910    1.39645E-02
       17.940    1.39018E-02
       17.970    1.38438E-02
       18.000    1.37963E-02
       18.030    1.37145E-02
       18.060    1.36851E-02
       18.090    1.36205E-02
       18.120    1.35480E-02
       18.150    1.34623E-02
       18.180    1.34583E-02
       18.210    1.33983E-02
       18.240    1.33366E-02
       18.270    1.32858E-02
       18.300    1.32190E-02
       18.330    1.31701E-02
       18.360    1.31003E-02
       18.390    1.30557E-02
       18.420    1.30007E-02
       18.450    1.29444E-02
       18.480    1.28787E-02
       18.510    1.28409E-02
       18.540    1.27789E-02
       18.570    1.26932E-02
       18.600    1.26598E-02
       18.630    1.26257E-02
       18.660    1.25769E-02
       18.690    1.25122E-02
       18.720    1.24552E-02
       18.750    1.24070E-02
       18.780    1.23523E-02
       18.810    1.22917E-02
       18.840    1.22521E-02
       18.870    1.21683E-02
       18.900    1.21420E-02
       18.930    1.20925E-02
       18.960    1.20141E-02
       18.990    1.19993E-02
       19.020    1.19174E-02
       19.050    1.18855E-02
       19.080    1.18412E-02
       19.110    1.17843E-02
       19.140    1.17340E-02
       19.170    1.16841E-02
       19.200    1.16075E-02
       19.230    1.15499E-02
       19.260    1.15124E-02
       19.290    1.14638E-02
       19.320    1.14294E-02
       19.350    1.13832E-02
       19.380    1.13244E-02
       19.410    1.12542E-02
       19.440    1.12282E-02
       19.470    1.11752E-02
       19.500    1.11307E-02
       19.530    1.10780E-02
       19.560    1.10261E-02
       19.590    1.09781E-02
       19.620    1.09345E-02
       19.650    1.08560E-02
       19.680    1.08277E-02
       19.710    1.07805E-02
       19.740    1.07214E-02
       19.770    1.06599E-02
       19.800    1.06336E-02
       19.830    1.05820E-02
       19.860    1.05400E-02
       19.890    1.04944E-02
       19.920    1.04470E-02
       19.950    1.03972E-02
       19.980    1.03500E-02
       20.010    1.02567E-02
       20.040    1.02579E-02
       20.070    1.02162E-02
       20.100    1.01654E-02
       20.130    1.00997E-02
       20.160    1.00704E-02
       20.190    1.00062E-02
       20.220    9.97305E-03
       20.250    9.93131E-03
       20.280    9.87703E-03
       20.310    9.83536E-03
       20.340    9.77726E-03
       20.370    9.74268E-03
       20.400    9.70106E-03
       20.430    9.63743E-03
       20.460    9.59078E-03
       20.490    9.56309E-03
       20.520    9.51942E-03
       20.550    9.46826E-03
       20.580    9.37977E-03
       20.610    9.37954E-03
       20.640    9.29712E-03
       20.670    9.28145E-03
       20.700    9.24086E-03
       20.730    9.19239E-03
       20.760    9.15482E-03
       20.790    9.11027E-03
       20.820    9.07446E-03
       20.850    9.02181E-03
       20.880    8.95984E-03
       20.910    8.93105E-03
       20.940    8.89090E-03
       20.970    8.84568E-03
       21.000    8.79447E-03
       21.030    8.75088E-03
       21.060    8.70871E-03
       21.090    8.66701E-03
       21.120    8.62978E-03
       21.150    8.58255E-03
       21.180    8.50917E-03
       21.210    8.50301E-03
       21.240    8.45981E-03
       21.270    8.40192E-03
       21.300    8.35899E-03
       21.330    8.32830E-03
       21.360    8.27841E-03
       21.390    8.24546E-03
       21.420    8.20351E-03
       21.450    8.15483E-03
       21.480    8.11799E-03
       21.510    8.07195E-03
       21.540    8.02353E-03
       21.570    7.99330E-03
       21.600    7.94234E-03
       21.630    7.87838E-03
       21.660    7.86840E-03
       21.690    7.82545E-03
       21.720    7.77917E-03
       21.750    7.70513E-03
       21.780    7.69793E-03
       21.810    7.64543E-03
       21.840    7.60667E-03
       21.870    7.56073E-03
       21.900    7.50734E-03
       21.930    7.49417E-03
       21.960    7.45596E-03
       21.990    7.40971E-03
       22.020    7.37165E-03
       22.050    7.33630E-03
       22.080    7.29400E-03
       22.110    7.25433E-03
       22.140    7.21295E-03
       22.170    7.17331E-03
       22.200    7.12191E-03
       22.230    7.08678E-03
       22.260    7.05580E-03
       22.290    7.01671E-03
       22.320    6.97197E-03
       22.350    6.92415E-03
       22.380    6.87638E-03
       22.410    6.83873E-03
       22.440    6.81670E-03
       22.470    6.76211E-03
       22.500    6.73871E-03
       22.530    6.69285E-03
       22.560    6.66066E-03
       22.590    6.53479E-03
       22.620    6.58385E-03
       22.650    6.53353E-03
       22.680    6.50096E-03
       22.710    6.46503E-03
       22.740    6.42213E-03
       22.770    6.38923E-03
       22.800    6.34853E-03
       22.830    6.31552E-03
       22.860    6.27312E-03
       22.890    6.23045E-03
       22.920    6.19737E-03
       22.950    6.15983E-03
       22.980    6.12725E-03
       23.010    6.08794E-03
       23.040    6.04951E-03
       23.070    6.01247E-03
       23.100    5.94729E-03
       23.130    5.93997E-03
       23.160    5.90016E-03
       23.190    5.86533E-03
       23.220    5.82250E-03
       23.250    5.78847E-03
       23.280    5.74735E-03
       23.310    5.71594E-03
       23.340    5.67914E-03
       23.370    5.64298E-03
       23.400    5.60359E-03
       23.430    5.56264E-03
       23.460    5.53458E-03
       23.490    5.49796E-03
       23.520    5.45856E-03
       23.550    5.42240E-03
       23.580    5.39144E-03
       23.610    5.34893E-03
       23.640    5.31444E-03
       23.670    5.26049E-03
       23.700    5.24483E-03
       23.730    5.20698E-03
       23.760    5.17250E-03
       23.790    5.13248E-03
       23.820    5.10194E-03
       23.850    5.06466E-03
       23.880    5.03099E-03
       23.910    4.99424E-03
       23.940    4.94981E-03
       23.970    4.92149E-03
       24.000    4.88849E-03
       24.030    4.83440E-03
       24.060    4.81845E-03
       24.090    4.78544E-03
       24.120    4.74938E-03
       24.150    4.71420E-03
       24.180    4.67416E-03
       24.210    4.64402E-03
       24.240    4.61593E-03
       24.270    4.57167E-03
       24.300    4.54128E-03
       24.330    4.44611E-03
       24.360    4.47773E-03
       24.390    4.44307E-03
       24.420    4.41042E-03
       24.450    4.37823E-03
       24.480    4.34117E-03
       24.510    4.30551E-03
       24.540    4.27667E-03
       24.570    4.23980E-03
       24.600    4.20811E-03
       24.630    4.17311E-03
       24.660    4.13649E-03
       24.690    4.10583E-03
       24.720    4.07469E-03
       24.750    4.03962E-03
       24.780    4.00474E-03
       24.810    3.97149E-03
       24.840    3.94236E-03
       24.870    3.90975E-03
       24.900    3.87800E-03
       24.930    3.81990E-03
       24.960    3.79538E-03
       24.990    3.76787E-03
       25.020    3.74801E-03
       25.050    3.71385E-03
       25.080    3.68388E-03
       25.110    3.65148E-03
       25.140    3.61701E-03
       25.170    3.58307E-03
       25.200    3.55589E-03
       25.230    3.51447E-03
       25.260    3.49336E-03
       25.290    3.45095E-03
       25.320    3.42833E-03
       25.350    3.39921E-03
       25.380    3.36793E-03
       25.410    3.32938E-03
       25.440    3.30496E-03
       25.470    3.26662E-03
       25.500    3.24361E-03
       25.530    3.20523E-03
       25.560    3.18255E-03
       25.590    3.15325E-03
       25.620    3.11978E-03
       25.650    3.07425E-03
       25.680    3.05387E-03
       25.710    3.02944E-03
       25.740    3.00114E-03
       25.770    2.97078E-03
       25.800    2.93932E-03
       25.830    2.90446E-03
       25.860    2.87636E-03
       25.890    2.85206E-03
       25.920    2.82039E-03
       25.950    2.77938E-03
       25.980    2.75942E-03
       26.010    2.73173E-03
       26.040    2.70255E-03
       26.070    2.67232E-03
       26.100    2.63828E-03
       26.130    2.61606E-03
       26.160    2.58616E-03
       26.190    2.55726E-03
       26.220    2.52826E-03
       26.250    2.50048E-03
       26.280    2.46424E-03
       26.310    2.44381E-03
       26.340    2.39891E-03
       26.370    2.38224E-03
       26.400    2.35650E-03
       26.430    2.32418E-03
       26.460    2.29948E-03
       26.490    2.27445E-03
       26.520    2.24190E-03
       26.550    2.21898E-03
       26.580    2.19124E-03
       26.610    2.16365E-03
       26.640    2.13398E-03
       26.670    2.10776E-03
       26.700    2.07247E-03
       26.730    2.05322E-03
       26.760    2.02063E-03
       26.790    2.00025E-03
       26.820    1.97341E-03
       26.850    1.94695E-03
       26.880    1.91899E-03
       26.910    1.89096E-03
       26.940    1.86726E-03
       26.970    1.84063E-03
       27.000    1.81461E-03
       27.030    1.78855E-03
       27.060    1.76180E-03
       27.090    1.72503E-03
       27.120    1.71027E-03
       27.150    1.67811E-03
       27.180    1.65998E-03
       27.210    1.63259E-03
       27.240    1.60862E-03
       27.270    1.58393E-03
       27.300    1.55864E-03
       27.330    1.53310E-03
       27.360    1.50959E-03
       27.390    1.48455E-03
       27.420    1.45627E-03
       27.450    1.43469E-03
       27.480    1.40961E-03
       27.510    1.38597E-03
       27.540    1.36197E-03
       27.570    1.33813E-03
       27.600    1.31445E-03
       27.630    1.28740E-03
       27.660    1.26289E-03
       27.690    1.24296E-03
       27.720    1.22029E-03
       27.750    1.19642E-03
       27.780    1.17375E-03
       27.810    1.14802E-03
       27.840    1.12813E-03
       27.870    1.10449E-03
       27.900    1.07997E-03
       27.930    1.06009E-03
       27.960    1.03741E-03
       27.990    1.01505E-03
       28.020    9.91937E-04
       28.050    9.67886E-04
       28.080    9.50725E-04
       28.110    9.28598E-04
       28.140    9.07937E-04
       28.170    8.86212E-04
       28.200    8.53286E-04
       28.230    8.43932E-04
       28.260    8.21094E-04
       28.290    8.01377E-04
       28.320    7.82499E-04
       28.350    7.61312E-04
       28.380    7.41764E-04
       28.410    7.21515E-04
       28.440    7.01916E-04
       28.470    6.81990E-04
       28.500    6.62296E-04
       28.530    6.43192E-04
       28.560    6.23109E-04
       28.590    6.03747E-04
       28.620    5.85075E-04
       28.650    5.67767E-04
       28.680    5.49634E-04
       28.710    5.29263E-04
       28.740    5.13272E-04
       28.770    4.95083E-04
       28.800    4.76550E-04
       28.830    4.60070E-04
       28.860    4.42548E-04
       28.890    4.24946E-04
       28.920    4.08554E-04
       28.950    3.91961E-04
       28.980    3.75865E-04
       29.010    3.59379E-04
       29.040    3.44026E-04
       29.070    3.27825E-04
       29.100    3.12368E-04
       29.130    2.97090E-04
       29.160    2.81704E-04
       29.190    2.67409E-04
       29.220    2.52851E-04
       29.250    2.38494E-04
       29.280    2.24357E-04
       29.310    2.10959E-04
       29.340    1.97438E-04
       29.370    1.84049E-04
       29.400    1.71298E-04
       29.430    1.58762E-04
       29.460    1.46391E-04
       29.490    1.34626E-04
       29.520    1.22844E-04
       29.550    1.11656E-04
       29.580    1.00849E-04
       29.610    9.00512E-05
       29.640    8.00498E-05
       29.670    7.03398E-05
       29.700    6.10957E-05
       29.730    5.21210E-05
       29.760    4.37643E-05
       29.790    3.58305E-05
       29.820    2.84853E-05
       29.850    2.16807E-05
       29.880    1.54728E-05
       29.910    1.00813E-05
       29.940    5.42974E-16
       29.970    1.94034E-06
       30.000    0.00000E+00
