          %pt            Sj
        0.030    4.74505E+01
        0.060    4.05103E+01
        0.090    3.52948E+01
        0.120    3.10123E+01
        0.150    2.74719E+01
        0.180    2.44276E+01
        0.210    2.18182E+01
        0.240    1.95599E+01
        0.270    1.75860E+01
        0.300    1.58810E+01
        0.330    1.43518E+01
        0.360    1.30192E+01
        0.390    1.18470E+01
        0.420    1.07956E+01
        0.450    9.86720E+00
        0.480    9.03462E+00
        0.510    8.29019E+00
        0.540    7.62466E+00
        0.570    7.02172E+00
        0.600    6.47956E+00
        0.630    5.99362E+00
        0.660    5.54934E+00
        0.690    5.14820E+00
        0.720    4.78401E+00
        0.750    4.45071E+00
        0.780    4.15032E+00
        0.810    3.87129E+00
        0.840    3.61682E+00
        0.870    3.38544E+00
        0.900    3.17121E+00
        0.930    2.97544E+00
        0.960    2.79390E+00
        0.990    2.62679E+00
        1.020    2.47325E+00
        1.050    2.32875E+00
        1.080    2.19737E+00
        1.110    2.07474E+00
        1.140    1.96135E+00
        1.170    1.85644E+00
        1.200    1.75624E+00
        1.230    1.66527E+00
        1.260    1.57942E+00
        1.290    1.49949E+00
        1.320    1.42513E+00
        1.350    1.35563E+00
        1.380    1.28914E+00
        1.410    1.22922E+00
        1.440    1.17116E+00
        1.470    1.11697E+00
        1.500    1.06565E+00
        1.530    1.01831E+00
        1.560    9.73465E-01
        1.590    9.30821E-01
        1.620    8.90735E-01
        1.650    8.53157E-01
        1.680    8.17752E-01
        1.710    7.83566E-01
        1.740    7.51845E-01
        1.770    7.21381E-01
        1.800    6.93308E-01
        1.830    6.66524E-01
        1.860    6.40882E-01
        1.890    6.16533E-01
        1.920    5.93025E-01
        1.950    5.71037E-01
        1.980    5.50339E-01
        2.010    5.30174E-01
        2.040    5.11742E-01
        2.070    4.93955E-01
        2.100    4.76801E-01
        2.130    4.59927E-01
        2.160    4.44557E-01
        2.190    4.29801E-01
        2.220    4.15452E-01
        2.250    4.01715E-01
        2.280    3.89062E-01
        2.310    3.76300E-01
        2.340    3.64825E-01
        2.370    3.53428E-01
        2.400    3.42441E-01
        2.430    3.31988E-01
        2.460    3.22025E-01
        2.490    3.12405E-01
        2.520    3.03201E-01
        2.550    2.94400E-01
        2.580    2.85901E-01
        2.610    2.77745E-01
        2.640    2.69870E-01
        2.670    2.62580E-01
        2.700    2.55500E-01
        2.730    2.48525E-01
        2.760    2.41748E-01
        2.790    2.35253E-01
        2.820    2.29116E-01
        2.850    2.23204E-01
        2.880    2.17330E-01
        2.910    2.11701E-01
        2.940    2.06557E-01
        2.970    2.01415E-01
        3.000    1.96496E-01
        3.030    1.91603E-01
        3.060    1.87084E-01
        3.090    1.82675E-01
        3.120    1.78216E-01
        3.150    1.74043E-01
        3.180    1.70124E-01
        3.210    1.66126E-01
        3.240    1.62312E-01
        3.270    1.58668E-01
        3.300    1.55207E-01
        3.330    1.51820E-01
        3.360    1.48478E-01
        3.390    1.45305E-01
        3.420    1.42175E-01
        3.450    1.39121E-01
        3.480    1.36191E-01
        3.510    1.33381E-01
        3.540    1.30651E-01
        3.570    1.27957E-01
        3.600    1.25524E-01
        3.630    1.22871E-01
        3.660    1.20497E-01
        3.690    1.18098E-01
        3.720    1.15760E-01
        3.750    1.13664E-01
        3.780    1.11417E-01
        3.810    1.09349E-01
        3.840    1.07326E-01
        3.870    1.05264E-01
        3.900    1.03447E-01
        3.930    1.01456E-01
        3.960    9.97134E-02
        3.990    9.77020E-02
        4.020    9.62840E-02
        4.050    9.45496E-02
        4.080    9.28802E-02
        4.110    9.12970E-02
        4.140    8.97792E-02
        4.170    8.82860E-02
        4.200    8.67376E-02
        4.230    8.53134E-02
        4.260    8.39078E-02
        4.290    8.26039E-02
        4.320    8.12491E-02
        4.350    7.99132E-02
        4.380    7.87014E-02
        4.410    7.73881E-02
        4.440    7.62501E-02
        4.470    7.50253E-02
        4.500    7.38978E-02
        4.530    7.27479E-02
        4.560    7.16980E-02
        4.590    7.06104E-02
        4.620    6.95868E-02
        4.650    6.85400E-02
        4.680    6.75203E-02
        4.710    6.65656E-02
        4.740    6.56917E-02
        4.770    6.47274E-02
        4.800    6.37714E-02
        4.830    6.28598E-02
        4.860    6.20448E-02
        4.890    6.12195E-02
        4.920    6.03737E-02
        4.950    5.95398E-02
        4.980    5.87693E-02
        5.010    5.79405E-02
        5.040    5.72213E-02
        5.070    5.64265E-02
        5.100    5.57037E-02
        5.130    5.50219E-02
        5.160    5.42991E-02
        5.190    5.36265E-02
        5.220    5.29970E-02
        5.250    5.23369E-02
        5.280    5.15822E-02
        5.310    5.10119E-02
        5.340    5.04407E-02
        5.370    4.97978E-02
        5.400    4.91748E-02
        5.430    4.86010E-02
        5.460    4.80266E-02
        5.490    4.74247E-02
        5.520    4.69560E-02
        5.550    4.64228E-02
        5.580    4.58661E-02
        5.610    4.53539E-02
        5.640    4.48373E-02
        5.670    4.43730E-02
        5.700    4.38541E-02
        5.730    4.34261E-02
        5.760    4.29055E-02
        5.790    4.24451E-02
        5.820    4.19566E-02
        5.850    4.14855E-02
        5.880    4.11062E-02
        5.910    4.07001E-02
        5.940    4.02304E-02
        5.970    3.98433E-02
        6.000    3.94034E-02
        6.030    3.89954E-02
        6.060    3.86294E-02
        6.090    3.82089E-02
        6.120    3.78320E-02
        6.150    3.74618E-02
        6.180    3.70883E-02
        6.210    3.67187E-02
        6.240    3.63987E-02
        6.270    3.60299E-02
        6.300    3.56576E-02
        6.330    3.53331E-02
        6.360    3.50097E-02
        6.390    3.46832E-02
        6.420    3.43745E-02
        6.450    3.40608E-02
        6.480    3.37617E-02
        6.510    3.34243E-02
        6.540    3.31284E-02
        6.570    3.28547E-02
        6.600    3.25450E-02
        6.630    3.22400E-02
        6.660    3.19670E-02
        6.690    3.16888E-02
        6.720    3.13922E-02
        6.750    3.11307E-02
        6.780    3.08620E-02
        6.810    3.06060E-02
        6.840    3.03564E-02
        6.870    3.01103E-02
        6.900    2.98226E-02
        6.930    2.95949E-02
        6.960    2.93532E-02
        6.990    2.91122E-02
        7.020    2.88702E-02
        7.050    2.86430E-02
        7.080    2.83861E-02
        7.110    2.81806E-02
        7.140    2.79675E-02
        7.170    2.77429E-02
        7.200    2.75182E-02
        7.230    2.73183E-02
        7.260    2.71045E-02
        7.290    2.68708E-02
        7.320    2.66682E-02
        7.350    2.64901E-02
        7.380    2.62775E-02
        7.410    2.60690E-02
        7.440    2.58808E-02
        7.470    2.56978E-02
        7.500    2.55064E-02
        7.530    2.53058E-02
        7.560    2.51328E-02
        7.590    2.49516E-02
        7.620    2.47614E-02
        7.650    2.45876E-02
        7.680    2.44154E-02
        7.710    2.42402E-02
        7.740    2.40626E-02
        7.770    2.39063E-02
        7.800    2.37374E-02
        7.830    2.35733E-02
        7.860    2.34135E-02
        7.890    2.32281E-02
        7.920    2.30758E-02
        7.950    2.29254E-02
        7.980    2.27913E-02
        8.010    2.26282E-02
        8.040    2.24735E-02
        8.070    2.23294E-02
        8.100    2.21570E-02
        8.130    2.20357E-02
        8.160    2.19004E-02
        8.190    2.17466E-02
        8.220    2.16164E-02
        8.250    2.14692E-02
        8.280    2.13102E-02
        8.310    2.12026E-02
        8.340    2.10679E-02
        8.370    2.09364E-02
        8.400    2.07965E-02
        8.430    2.06620E-02
        8.460    2.05424E-02
        8.490    2.04078E-02
        8.520    2.02829E-02
        8.550    2.01710E-02
        8.580    2.00627E-02
        8.610    1.99216E-02
        8.640    1.98004E-02
        8.670    1.96790E-02
        8.700    1.95874E-02
        8.730    1.94457E-02
        8.760    1.93464E-02
        8.790    1.92124E-02
        8.820    1.91268E-02
        8.850    1.89913E-02
        8.880    1.89053E-02
        8.910    1.87860E-02
        8.940    1.86830E-02
        8.970    1.85800E-02
        9.000    1.84683E-02
        9.030    1.83721E-02
        9.060    1.82421E-02
        9.090    1.81446E-02
        9.120    1.80390E-02
        9.150    1.79407E-02
        9.180    1.78648E-02
        9.210    1.77715E-02
        9.240    1.76627E-02
        9.270    1.75806E-02
        9.300    1.74815E-02
        9.330    1.73704E-02
        9.360    1.72956E-02
        9.390    1.71836E-02
        9.420    1.71074E-02
        9.450    1.69949E-02
        9.480    1.69310E-02
        9.510    1.68360E-02
        9.540    1.67482E-02
        9.570    1.66691E-02
        9.600    1.65753E-02
        9.630    1.64777E-02
        9.660    1.64080E-02
        9.690    1.63137E-02
        9.720    1.62419E-02
        9.750    1.61561E-02
        9.780    1.60669E-02
        9.810    1.59953E-02
        9.840    1.59108E-02
        9.870    1.58504E-02
        9.900    1.57581E-02
        9.930    1.56829E-02
        9.960    1.55933E-02
        9.990    1.55288E-02
       10.020    1.54485E-02
       10.050    1.53705E-02
       10.080    1.52751E-02
       10.110    1.52162E-02
       10.140    1.51381E-02
       10.170    1.50765E-02
       10.200    1.49969E-02
       10.230    1.49198E-02
       10.260    1.48692E-02
       10.290    1.47928E-02
       10.320    1.47265E-02
       10.350    1.46486E-02
       10.380    1.45708E-02
       10.410    1.45184E-02
       10.440    1.44357E-02
       10.470    1.43879E-02
       10.500    1.43170E-02
       10.530    1.42598E-02
       10.560    1.41745E-02
       10.590    1.41086E-02
       10.620    1.40603E-02
       10.650    1.39906E-02
       10.680    1.39282E-02
       10.710    1.38505E-02
       10.740    1.37906E-02
       10.770    1.37405E-02
       10.800    1.36750E-02
       10.830    1.36182E-02
       10.860    1.35484E-02
       10.890    1.34987E-02
       10.920    1.34370E-02
       10.950    1.33745E-02
       10.980    1.33201E-02
       11.010    1.32623E-02
       11.040    1.32063E-02
       11.070    1.31487E-02
       11.100    1.30949E-02
       11.130    1.30295E-02
       11.160    1.29770E-02
       11.190    1.29276E-02
       11.220    1.28548E-02
       11.250    1.27890E-02
       11.280    1.27680E-02
       11.310    1.26990E-02
       11.340    1.26506E-02
       11.370    1.25775E-02
       11.400    1.25467E-02
       11.430    1.24912E-02
       11.460    1.24439E-02
       11.490    1.23808E-02
       11.520    1.23449E-02
       11.550    1.22853E-02
       11.580    1.22317E-02
       11.610    1.21780E-02
       11.640    1.21335E-02
       11.670    1.20692E-02
       11.700    1.20396E-02
       11.730    1.19910E-02
       11.760    1.19341E-02
       11.790    1.18822E-02
       11.820    1.18415E-02
       11.850    1.17934E-02
       11.880    1.17327E-02
       11.910    1.17017E-02
       11.940    1.16527E-02
       11.970    1.15955E-02
       12.000    1.15532E-02
       12.030    1.15001E-02
       12.060    1.14635E-02
       12.090    1.14181E-02
       12.120    1.13791E-02
       12.150    1.13272E-02
       12.180    1.12896E-02
       12.210    1.12338E-02
       12.240    1.11938E-02
       12.270    1.11494E-02
       12.300    1.11117E-02
       12.330    1.10604E-02
       12.360    1.10247E-02
       12.390    1.09710E-02
       12.420    1.09395E-02
       12.450    1.08984E-02
       12.480    1.08613E-02
       12.510    1.08083E-02
       12.540    1.07790E-02
       12.570    1.07388E-02
       12.600    1.06581E-02
       12.630    1.06410E-02
       12.660    1.06090E-02
       12.690    1.05726E-02
       12.720    1.05320E-02
       12.750    1.04856E-02
       12.780    1.04480E-02
       12.810    1.04091E-02
       12.840    1.03655E-02
       12.870    1.03276E-02
       12.900    1.02820E-02
       12.930    1.02562E-02
       12.960    1.02167E-02
       12.990    1.01658E-02
       13.020    1.01360E-02
       13.050    1.01046E-02
       13.080    1.00486E-02
       13.110    1.00293E-02
       13.140    9.98146E-03
       13.170    9.95246E-03
       13.200    9.89676E-03
       13.230    9.87821E-03
       13.260    9.84260E-03
       13.290    9.78557E-03
       13.320    9.77004E-03
       13.350    9.72757E-03
       13.380    9.67805E-03
       13.410    9.65700E-03
       13.440    9.61519E-03
       13.470    9.58571E-03
       13.500    9.55618E-03
       13.530    9.51542E-03
       13.560    9.49225E-03
       13.590    9.44931E-03
       13.620    9.40551E-03
       13.650    9.38641E-03
       13.680    9.34631E-03
       13.710    9.31498E-03
       13.740    9.28147E-03
       13.770    9.24498E-03
       13.800    9.19930E-03
       13.830    9.18046E-03
       13.860    9.14906E-03
       13.890    9.11369E-03
       13.920    9.08084E-03
       13.950    9.02814E-03
       13.980    9.02199E-03
       14.010    8.97809E-03
       14.040    8.94780E-03
       14.070    8.92173E-03
       14.100    8.89222E-03
       14.130    8.84770E-03
       14.160    8.82769E-03
       14.190    8.79398E-03
       14.220    8.76286E-03
       14.250    8.73616E-03
       14.280    8.70127E-03
       14.310    8.67599E-03
       14.340    8.63871E-03
       14.370    8.60799E-03
       14.400    8.56989E-03
       14.430    8.55053E-03
       14.460    8.50957E-03
       14.490    8.48807E-03
       14.520    8.45002E-03
       14.550    8.41185E-03
       14.580    8.39552E-03
       14.610    8.36916E-03
       14.640    8.33346E-03
       14.670    8.30528E-03
       14.700    8.28621E-03
       14.730    8.24486E-03
       14.760    8.21765E-03
       14.790    8.18224E-03
       14.820    8.17221E-03
       14.850    8.12659E-03
       14.880    8.10383E-03
       14.910    8.07075E-03
       14.940    8.03785E-03
       14.970    8.01309E-03
       15.000    7.99836E-03
       15.030    7.96107E-03
       15.060    7.93536E-03
       15.090    7.90957E-03
       15.120    7.88361E-03
       15.150    7.85029E-03
       15.180    7.82171E-03
       15.210    7.80421E-03
       15.240    7.77843E-03
       15.270    7.74729E-03
       15.300    7.72048E-03
       15.330    7.68860E-03
       15.360    7.66360E-03
       15.390    7.64132E-03
       15.420    7.60481E-03
       15.450    7.58473E-03
       15.480    7.56198E-03
       15.510    7.53300E-03
       15.540    7.49997E-03
       15.570    7.48187E-03
       15.600    7.45648E-03
       15.630    7.43023E-03
       15.660    7.40351E-03
       15.690    7.37099E-03
       15.720    7.34736E-03
       15.750    7.30764E-03
       15.780    7.29296E-03
       15.810    7.27692E-03
       15.840    7.24983E-03
       15.870    7.22626E-03
       15.900    7.19766E-03
       15.930    7.17582E-03
       15.960    7.14686E-03
       15.990    7.11791E-03
       16.020    7.09244E-03
       16.050    7.07721E-03
       16.080    7.04632E-03
       16.110    7.02549E-03
       16.140    6.99964E-03
       16.170    6.96242E-03
       16.200    6.95087E-03
       16.230    6.92216E-03
       16.260    6.89800E-03
       16.290    6.87891E-03
       16.320    6.85315E-03
       16.350    6.81915E-03
       16.380    6.80659E-03
       16.410    6.76290E-03
       16.440    6.75585E-03
       16.470    6.72600E-03
       16.500    6.71221E-03
       16.530    6.68786E-03
       16.560    6.66067E-03
       16.590    6.64100E-03
       16.620    6.61353E-03
       16.650    6.58071E-03
       16.680    6.57664E-03
       16.710    6.54980E-03
       16.740    6.52478E-03
       16.770    6.50018E-03
       16.800    6.47518E-03
       16.830    6.45490E-03
       16.860    6.42633E-03
       16.890    6.41326E-03
       16.920    6.38540E-03
       16.950    6.36430E-03
       16.980    6.33584E-03
       17.010    6.31679E-03
       17.040    6.29413E-03
       17.070    6.27440E-03
       17.100    6.25370E-03
       17.130    6.22838E-03
       17.160    6.20778E-03
       17.190    6.18794E-03
       17.220    6.16245E-03
       17.250    6.13807E-03
       17.280    6.09736E-03
       17.310    6.09604E-03
       17.340    6.07932E-03
       17.370    6.05365E-03
       17.400    6.03157E-03
       17.430    5.99997E-03
       17.460    5.98700E-03
       17.490    5.96963E-03
       17.520    5.94798E-03
       17.550    5.92492E-03
       17.580    5.88357E-03
       17.610    5.88414E-03
       17.640    5.85897E-03
       17.670    5.84297E-03
       17.700    5.81345E-03
       17.730    5.78737E-03
       17.760    5.77975E-03
       17.790    5.75323E-03
       17.820    5.73103E-03
       17.850    5.71259E-03
       17.880    5.69170E-03
       17.910    5.67152E-03
       17.940    5.64349E-03
       17.970    5.62998E-03
       18.000    5.60621E-03
       18.030    5.59124E-03
       18.060    5.56301E-03
       18.090    5.55043E-03
       18.120    5.52742E-03
       18.150    5.49084E-03
       18.180    5.48795E-03
       18.210    5.46855E-03
       18.240    5.44289E-03
       18.270    5.42685E-03
       18.300    5.40208E-03
       18.330    5.38177E-03
       18.360    5.36431E-03
       18.390    5.34555E-03
       18.420    5.32314E-03
       18.450    5.30307E-03
       18.480    5.29069E-03
       18.510    5.26500E-03
       18.540    5.23328E-03
       18.570    5.22221E-03
       18.600    5.20673E-03
       18.630    5.18716E-03
       18.660    5.16428E-03
       18.690    5.14753E-03
       18.720    5.12620E-03
       18.750    5.10917E-03
       18.780    5.08884E-03
       18.810    5.06167E-03
       18.840    5.04361E-03
       18.870    5.02822E-03
       18.900    5.01120E-03
       18.930    4.99334E-03
       18.960    4.97225E-03
       18.990    4.95596E-03
       19.020    4.92887E-03
       19.050    4.91459E-03
       19.080    4.88874E-03
       19.110    4.87426E-03
       19.140    4.85459E-03
       19.170    4.83502E-03
       19.200    4.81917E-03
       19.230    4.80108E-03
       19.260    4.77962E-03
       19.290    4.75563E-03
       19.320    4.73990E-03
       19.350    4.71909E-03
       19.380    4.69502E-03
       19.410    4.68703E-03
       19.440    4.66372E-03
       19.470    4.65138E-03
       19.500    4.63344E-03
       19.530    4.61443E-03
       19.560    4.59571E-03
       19.590    4.57693E-03
       19.620    4.55861E-03
       19.650    4.53899E-03
       19.680    4.52247E-03
       19.710    4.49637E-03
       19.740    4.48411E-03
       19.770    4.46783E-03
       19.800    4.44802E-03
       19.830    4.42271E-03
       19.860    4.41230E-03
       19.890    4.39532E-03
       19.920    4.37316E-03
       19.950    4.35975E-03
       19.980    4.33491E-03
       20.010    4.32325E-03
       20.040    4.30073E-03
       20.070    4.26143E-03
       20.100    4.27281E-03
       20.130    4.24880E-03
       20.160    4.23483E-03
       20.190    4.21553E-03
       20.220    4.19819E-03
       20.250    4.17914E-03
       20.280    4.15571E-03
       20.310    4.13314E-03
       20.340    4.12641E-03
       20.370    4.11019E-03
       20.400    4.08960E-03
       20.430    4.07654E-03
       20.460    4.05767E-03
       20.490    4.04049E-03
       20.520    4.02375E-03
       20.550    4.00427E-03
       20.580    3.98804E-03
       20.610    3.97145E-03
       20.640    3.95376E-03
       20.670    3.93102E-03
       20.700    3.91887E-03
       20.730    3.90170E-03
       20.760    3.88339E-03
       20.790    3.86523E-03
       20.820    3.84350E-03
       20.850    3.81939E-03
       20.880    3.81500E-03
       20.910    3.79925E-03
       20.940    3.78079E-03
       20.970    3.76780E-03
       21.000    3.74873E-03
       21.030    3.72419E-03
       21.060    3.71362E-03
       21.090    3.69473E-03
       21.120    3.67839E-03
       21.150    3.65752E-03
       21.180    3.64081E-03
       21.210    3.63137E-03
       21.240    3.61140E-03
       21.270    3.59854E-03
       21.300    3.57602E-03
       21.330    3.56240E-03
       21.360    3.54557E-03
       21.390    3.52399E-03
       21.420    3.51593E-03
       21.450    3.49357E-03
       21.480    3.48043E-03
       21.510    3.46587E-03
       21.540    3.44668E-03
       21.570    3.43098E-03
       21.600    3.41241E-03
       21.630    3.39587E-03
       21.660    3.37847E-03
       21.690    3.36543E-03
       21.720    3.34665E-03
       21.750    3.33247E-03
       21.780    3.31499E-03
       21.810    3.29786E-03
       21.840    3.27241E-03
       21.870    3.26479E-03
       21.900    3.25169E-03
       21.930    3.23463E-03
       21.960    3.21937E-03
       21.990    3.20168E-03
       22.020    3.18451E-03
       22.050    3.16956E-03
       22.080    3.15517E-03
       22.110    3.13732E-03
       22.140    3.11819E-03
       22.170    3.10621E-03
       22.200    3.09167E-03
       22.230    3.07592E-03
       22.260    3.05830E-03
       22.290    3.04087E-03
       22.320    3.02583E-03
       22.350    3.01092E-03
       22.380    2.99431E-03
       22.410    2.97702E-03
       22.440    2.96397E-03
       22.470    2.94765E-03
       22.500    2.93289E-03
       22.530    2.91714E-03
       22.560    2.90012E-03
       22.590    2.88515E-03
       22.620    2.86842E-03
       22.650    2.85272E-03
       22.680    2.83844E-03
       22.710    2.82405E-03
       22.740    2.80847E-03
       22.770    2.79145E-03
       22.800    2.77684E-03
       22.830    2.76121E-03
       22.860    2.74429E-03
       22.890    2.73015E-03
       22.920    2.71448E-03
       22.950    2.69826E-03
       22.980    2.68270E-03
       23.010    2.66960E-03
       23.040    2.65250E-03
       23.070    2.63518E-03
       23.100    2.62223E-03
       23.130    2.60662E-03
       23.160    2.59052E-03
       23.190    2.57718E-03
       23.220    2.56154E-03
       23.250    2.54717E-03
       23.280    2.53037E-03
       23.310    2.51339E-03
       23.340    2.49676E-03
       23.370    2.48475E-03
       23.400    2.46900E-03
       23.430    2.45425E-03
       23.460    2.43952E-03
       23.490    2.42638E-03
       23.520    2.41111E-03
       23.550    2.39659E-03
       23.580    2.37309E-03
       23.610    2.35490E-03
       23.640    2.35126E-03
       23.670    2.33451E-03
       23.700    2.30975E-03
       23.730    2.30737E-03
       23.760    2.28981E-03
       23.790    2.27838E-03
       23.820    2.26215E-03
       23.850    2.24799E-03
       23.880    2.23397E-03
       23.910    2.21566E-03
       23.940    2.20283E-03
       23.970    2.18909E-03
       24.000    2.17249E-03
       24.030    2.15836E-03
       24.060    2.14548E-03
       24.090    2.13149E-03
       24.120    2.11490E-03
       24.150    2.10300E-03
       24.180    2.08315E-03
       24.210    2.07296E-03
       24.240    2.05835E-03
       24.270    2.04264E-03
       24.300    2.02060E-03
       24.330    2.01214E-03
       24.360    2.00118E-03
       24.390    1.98411E-03
       24.420    1.97226E-03
       24.450    1.95774E-03
       24.480    1.94373E-03
       24.510    1.93117E-03
       24.540    1.91450E-03
       24.570    1.89933E-03
       24.600    1.88653E-03
       24.630    1.87292E-03
       24.660    1.85820E-03
       24.690    1.84571E-03
       24.720    1.83201E-03
       24.750    1.81458E-03
       24.780    1.80270E-03
       24.810    1.78969E-03
       24.840    1.77513E-03
       24.870    1.76067E-03
       24.900    1.74687E-03
       24.930    1.73391E-03
       24.960    1.72038E-03
       24.990    1.70642E-03
       25.020    1.68837E-03
       25.050    1.67446E-03
       25.080    1.66474E-03
       25.110    1.65131E-03
       25.140    1.62532E-03
       25.170    1.62472E-03
       25.200    1.60737E-03
       25.230    1.59588E-03
       25.260    1.58039E-03
       25.290    1.56772E-03
       25.320    1.55560E-03
       25.350    1.53915E-03
       25.380    1.52869E-03
       25.410    1.51538E-03
       25.440    1.50238E-03
       25.470    1.48780E-03
       25.500    1.47423E-03
       25.530    1.46154E-03
       25.560    1.44848E-03
       25.590    1.43518E-03
       25.620    1.42179E-03
       25.650    1.40680E-03
       25.680    1.39523E-03
       25.710    1.38198E-03
       25.740    1.36903E-03
       25.770    1.35518E-03
       25.800    1.34119E-03
       25.830    1.32740E-03
       25.860    1.31384E-03
       25.890    1.30275E-03
       25.920    1.28833E-03
       25.950    1.27797E-03
       25.980    1.26295E-03
       26.010    1.25006E-03
       26.040    1.23885E-03
       26.070    1.22558E-03
       26.100    1.21395E-03
       26.130    1.19982E-03
       26.160    1.18908E-03
       26.190    1.17465E-03
       26.220    1.16037E-03
       26.250    1.14864E-03
       26.280    1.13732E-03
       26.310    1.12413E-03
       26.340    1.11164E-03
       26.370    1.09920E-03
       26.400    1.08682E-03
       26.430    1.07399E-03
       26.460    1.05955E-03
       26.490    1.04852E-03
       26.520    1.03674E-03
       26.550    1.02533E-03
       26.580    1.01208E-03
       26.610    9.97778E-04
       26.640    9.87456E-04
       26.670    9.75145E-04
       26.700    9.54854E-04
       26.730    9.51088E-04
       26.760    9.39375E-04
       26.790    9.25601E-04
       26.820    9.15820E-04
       26.850    9.00321E-04
       26.880    8.90824E-04
       26.910    8.80368E-04
       26.940    8.66396E-04
       26.970    8.55740E-04
       27.000    8.43968E-04
       27.030    8.32714E-04
       27.060    8.20183E-04
       27.090    8.09211E-04
       27.120    7.97120E-04
       27.150    7.85716E-04
       27.180    7.71643E-04
       27.210    7.62205E-04
       27.240    7.51607E-04
       27.270    7.40054E-04
       27.300    7.29165E-04
       27.330    7.17835E-04
       27.360    7.06108E-04
       27.390    6.94561E-04
       27.420    6.83862E-04
       27.450    6.71629E-04
       27.480    6.58080E-04
       27.510    6.50376E-04
       27.540    6.38936E-04
       27.570    6.27696E-04
       27.600    6.17475E-04
       27.630    6.06779E-04
       27.660    5.95204E-04
       27.690    5.83869E-04
       27.720    5.70811E-04
       27.750    5.62029E-04
       27.780    5.53377E-04
       27.810    5.42454E-04
       27.840    5.32247E-04
       27.870    5.22008E-04
       27.900    5.10785E-04
       27.930    4.99890E-04
       27.960    4.90713E-04
       27.990    4.79957E-04
       28.020    4.69105E-04
       28.050    4.59765E-04
       28.080    4.48699E-04
       28.110    4.39888E-04
       28.140    4.29760E-04
       28.170    4.19716E-04
       28.200    4.09718E-04
       28.230    4.00629E-04
       28.260    3.90755E-04
       28.290    3.75455E-04
       28.320    3.71395E-04
       28.350    3.61228E-04
       28.380    3.52640E-04
       28.410    3.41951E-04
       28.440    3.32395E-04
       28.470    3.23388E-04
       28.500    3.13913E-04
       28.530    3.06689E-04
       28.560    2.97767E-04
       28.590    2.88318E-04
       28.620    2.79827E-04
       28.650    2.71201E-04
       28.680    2.62552E-04
       28.710    2.53806E-04
       28.740    2.45277E-04
       28.770    2.37071E-04
       28.800    2.28149E-04
       28.830    2.20355E-04
       28.860    2.12260E-04
       28.890    2.03928E-04
       28.920    1.96059E-04
       28.950    1.88148E-04
       28.980    1.80418E-04
       29.010    1.72949E-04
       29.040    1.65191E-04
       29.070    1.57717E-04
       29.100    1.50510E-04
       29.130    1.42647E-04
       29.160    1.35885E-04
       29.190    1.28963E-04
       29.220    1.21683E-04
       29.250    1.15020E-04
       29.280    1.07835E-04
       29.310    1.01820E-04
       29.340    9.50853E-05
       29.370    8.90263E-05
       29.400    8.24521E-05
       29.430    7.68093E-05
       29.460    7.08907E-05
       29.490    6.52001E-05
       29.520    5.96078E-05
       29.550    5.41142E-05
       29.580    4.87985E-05
       29.610    4.38486E-05
       29.640    3.89318E-05
       29.670    3.42001E-05
       29.700    2.96892E-05
       29.730    2.53890E-05
       29.760    2.12445E-05
       29.790    1.74257E-05
       29.820    1.38625E-05
       29.850    1.05543E-05
       29.880    7.55324E-06
       29.910    4.89421E-06
       29.940    2.68354E-06
       29.970    9.47933E-07
       30.000    0.00000E+00
