          %pt            Sj
        0.030    7.72113E+00
        0.060    6.79875E+00
        0.090    6.08898E+00
        0.120    5.50477E+00
        0.150    4.99355E+00
        0.180    4.55252E+00
        0.210    4.16001E+00
        0.240    3.81272E+00
        0.270    3.50242E+00
        0.300    3.22124E+00
        0.330    2.97121E+00
        0.360    2.74272E+00
        0.390    2.53722E+00
        0.420    2.34914E+00
        0.450    2.17858E+00
        0.480    2.02362E+00
        0.510    1.88273E+00
        0.540    1.75329E+00
        0.570    1.63340E+00
        0.600    1.52514E+00
        0.630    1.42533E+00
        0.660    1.33254E+00
        0.690    1.24931E+00
        0.720    1.17200E+00
        0.750    1.10003E+00
        0.780    1.03371E+00
        0.810    9.72017E-01
        0.840    9.14844E-01
        0.870    8.61797E-01
        0.900    8.13090E-01
        0.930    7.67760E-01
        0.960    7.25324E-01
        0.990    6.86546E-01
        1.020    6.49700E-01
        1.050    6.15411E-01
        1.080    5.82962E-01
        1.110    5.53021E-01
        1.140    5.24824E-01
        1.170    4.98694E-01
        1.200    4.74359E-01
        1.230    4.51483E-01
        1.260    4.29558E-01
        1.290    4.09520E-01
        1.320    3.90119E-01
        1.350    3.72399E-01
        1.380    3.55196E-01
        1.410    3.39563E-01
        1.440    3.24340E-01
        1.470    3.10213E-01
        1.500    2.96885E-01
        1.530    2.84157E-01
        1.560    2.72187E-01
        1.590    2.60907E-01
        1.620    2.50061E-01
        1.650    2.39996E-01
        1.680    2.30354E-01
        1.710    2.21099E-01
        1.740    2.12569E-01
        1.770    2.04331E-01
        1.800    1.96566E-01
        1.830    1.89071E-01
        1.860    1.81999E-01
        1.890    1.75268E-01
        1.920    1.68932E-01
        1.950    1.62935E-01
        1.980    1.57034E-01
        2.010    1.51535E-01
        2.040    1.46205E-01
        2.070    1.41133E-01
        2.100    1.36260E-01
        2.130    1.31655E-01
        2.160    1.27345E-01
        2.190    1.23145E-01
        2.220    1.19009E-01
        2.250    1.15221E-01
        2.280    1.11495E-01
        2.310    1.07995E-01
        2.340    1.04664E-01
        2.370    1.01410E-01
        2.400    9.82586E-02
        2.430    9.52980E-02
        2.460    9.24819E-02
        2.490    8.97549E-02
        2.520    8.70718E-02
        2.550    8.45470E-02
        2.580    8.20360E-02
        2.610    7.97710E-02
        2.640    7.75318E-02
        2.670    7.53218E-02
        2.700    7.32798E-02
        2.730    7.12829E-02
        2.760    6.93404E-02
        2.790    6.74894E-02
        2.820    6.56515E-02
        2.850    6.39434E-02
        2.880    6.23080E-02
        2.910    6.06915E-02
        2.940    5.90736E-02
        2.970    5.76695E-02
        3.000    5.61762E-02
        3.030    5.47989E-02
        3.060    5.34563E-02
        3.090    5.21464E-02
        3.120    5.09151E-02
        3.150    4.96733E-02
        3.180    4.84976E-02
        3.210    4.73475E-02
        3.240    4.62609E-02
        3.270    4.51724E-02
        3.300    4.41859E-02
        3.330    4.31807E-02
        3.360    4.21947E-02
        3.390    4.12927E-02
        3.420    4.03709E-02
        3.450    3.94852E-02
        3.480    3.86392E-02
        3.510    3.77887E-02
        3.540    3.69877E-02
        3.570    3.62332E-02
        3.600    3.54628E-02
        3.630    3.47630E-02
        3.660    3.40022E-02
        3.690    3.33471E-02
        3.720    3.26565E-02
        3.750    3.20059E-02
        3.780    3.13800E-02
        3.810    3.07600E-02
        3.840    3.01643E-02
        3.870    2.96027E-02
        3.900    2.90380E-02
        3.930    2.84696E-02
        3.960    2.79329E-02
        3.990    2.74301E-02
        4.020    2.69199E-02
        4.050    2.64277E-02
        4.080    2.59500E-02
        4.110    2.54697E-02
        4.140    2.50333E-02
        4.170    2.46034E-02
        4.200    2.41494E-02
        4.230    2.37081E-02
        4.260    2.33344E-02
        4.290    2.29102E-02
        4.320    2.25514E-02
        4.350    2.21582E-02
        4.380    2.17932E-02
        4.410    2.14307E-02
        4.440    2.10662E-02
        4.470    2.07299E-02
        4.500    2.03946E-02
        4.530    2.00663E-02
        4.560    1.97260E-02
        4.590    1.94332E-02
        4.620    1.91167E-02
        4.650    1.88459E-02
        4.680    1.85446E-02
        4.710    1.82588E-02
        4.740    1.79921E-02
        4.770    1.77079E-02
        4.800    1.74403E-02
        4.830    1.71810E-02
        4.860    1.69292E-02
        4.890    1.66755E-02
        4.920    1.64403E-02
        4.950    1.62061E-02
        4.980    1.59760E-02
        5.010    1.57648E-02
        5.040    1.55294E-02
        5.070    1.53208E-02
        5.100    1.50887E-02
        5.130    1.48979E-02
        5.160    1.46887E-02
        5.190    1.44903E-02
        5.220    1.42983E-02
        5.250    1.41146E-02
        5.280    1.39097E-02
        5.310    1.37242E-02
        5.340    1.35614E-02
        5.370    1.33875E-02
        5.400    1.32105E-02
        5.430    1.30401E-02
        5.460    1.28766E-02
        5.490    1.27074E-02
        5.520    1.25516E-02
        5.550    1.24046E-02
        5.580    1.22362E-02
        5.610    1.20951E-02
        5.640    1.19449E-02
        5.670    1.18043E-02
        5.700    1.16529E-02
        5.730    1.15198E-02
        5.760    1.13833E-02
        5.790    1.12396E-02
        5.820    1.11185E-02
        5.850    1.10023E-02
        5.880    1.08643E-02
        5.910    1.07459E-02
        5.940    1.06242E-02
        5.970    1.05061E-02
        6.000    1.03836E-02
        6.030    1.02691E-02
        6.060    1.01565E-02
        6.090    1.00400E-02
        6.120    9.93167E-03
        6.150    9.82475E-03
        6.180    9.71401E-03
        6.210    9.62451E-03
        6.240    9.51970E-03
        6.270    9.42354E-03
        6.300    9.31736E-03
        6.330    9.22118E-03
        6.360    9.12049E-03
        6.390    9.03145E-03
        6.420    8.93237E-03
        6.450    8.85426E-03
        6.480    8.75760E-03
        6.510    8.67443E-03
        6.540    8.58692E-03
        6.570    8.48350E-03
        6.600    8.41206E-03
        6.630    8.32882E-03
        6.660    8.25399E-03
        6.690    8.17309E-03
        6.720    8.09379E-03
        6.750    8.01398E-03
        6.780    7.93983E-03
        6.810    7.86731E-03
        6.840    7.79357E-03
        6.870    7.72521E-03
        6.900    7.65381E-03
        6.930    7.58328E-03
        6.960    7.50911E-03
        6.990    7.44213E-03
        7.020    7.37069E-03
        7.050    7.30341E-03
        7.080    7.24206E-03
        7.110    7.18556E-03
        7.140    7.11620E-03
        7.170    7.05758E-03
        7.200    6.98887E-03
        7.230    6.93042E-03
        7.260    6.87497E-03
        7.290    6.80855E-03
        7.320    6.75954E-03
        7.350    6.69011E-03
        7.380    6.63836E-03
        7.410    6.58776E-03
        7.440    6.53274E-03
        7.470    6.47120E-03
        7.500    6.42025E-03
        7.530    6.36641E-03
        7.560    6.31798E-03
        7.590    6.26645E-03
        7.620    6.21784E-03
        7.650    6.16492E-03
        7.680    6.11913E-03
        7.710    6.06693E-03
        7.740    6.02192E-03
        7.770    5.97428E-03
        7.800    5.92276E-03
        7.830    5.87841E-03
        7.860    5.83065E-03
        7.890    5.78563E-03
        7.920    5.74442E-03
        7.950    5.70154E-03
        7.980    5.66127E-03
        8.010    5.61577E-03
        8.040    5.57510E-03
        8.070    5.53364E-03
        8.100    5.47879E-03
        8.130    5.45182E-03
        8.160    5.40953E-03
        8.190    5.36287E-03
        8.220    5.33160E-03
        8.250    5.29046E-03
        8.280    5.25678E-03
        8.310    5.21611E-03
        8.340    5.18337E-03
        8.370    5.14218E-03
        8.400    5.10721E-03
        8.430    5.06883E-03
        8.460    5.02586E-03
        8.490    5.00181E-03
        8.520    4.96736E-03
        8.550    4.93367E-03
        8.580    4.89913E-03
        8.610    4.86584E-03
        8.640    4.83121E-03
        8.670    4.79369E-03
        8.700    4.76513E-03
        8.730    4.73457E-03
        8.760    4.70257E-03
        8.790    4.67317E-03
        8.820    4.63763E-03
        8.850    4.60987E-03
        8.880    4.58368E-03
        8.910    4.55211E-03
        8.940    4.52079E-03
        8.970    4.48863E-03
        9.000    4.46281E-03
        9.030    4.43436E-03
        9.060    4.40766E-03
        9.090    4.37427E-03
        9.120    4.35107E-03
        9.150    4.32208E-03
        9.180    4.29534E-03
        9.210    4.26829E-03
        9.240    4.23937E-03
        9.270    4.21485E-03
        9.300    4.18947E-03
        9.330    4.16208E-03
        9.360    4.13886E-03
        9.390    4.11237E-03
        9.420    4.07808E-03
        9.450    4.06477E-03
        9.480    4.03877E-03
        9.510    4.01523E-03
        9.540    3.99101E-03
        9.570    3.96714E-03
        9.600    3.94048E-03
        9.630    3.91943E-03
        9.660    3.89583E-03
        9.690    3.87465E-03
        9.720    3.85041E-03
        9.750    3.82785E-03
        9.780    3.80543E-03
        9.810    3.78653E-03
        9.840    3.76101E-03
        9.870    3.74058E-03
        9.900    3.72121E-03
        9.930    3.70063E-03
        9.960    3.68041E-03
        9.990    3.65945E-03
       10.020    3.63565E-03
       10.050    3.61481E-03
       10.080    3.59830E-03
       10.110    3.57779E-03
       10.140    3.55776E-03
       10.170    3.53541E-03
       10.200    3.51913E-03
       10.230    3.49867E-03
       10.260    3.47878E-03
       10.290    3.45750E-03
       10.320    3.44258E-03
       10.350    3.42310E-03
       10.380    3.40456E-03
       10.410    3.38340E-03
       10.440    3.36230E-03
       10.470    3.35141E-03
       10.500    3.33409E-03
       10.530    3.31431E-03
       10.560    3.29610E-03
       10.590    3.28103E-03
       10.620    3.25941E-03
       10.650    3.24209E-03
       10.680    3.22694E-03
       10.710    3.21170E-03
       10.740    3.19377E-03
       10.770    3.17764E-03
       10.800    3.16103E-03
       10.830    3.14419E-03
       10.860    3.13086E-03
       10.890    3.11566E-03
       10.920    3.09582E-03
       10.950    3.07873E-03
       10.980    3.06700E-03
       11.010    3.05161E-03
       11.040    3.03563E-03
       11.070    3.02118E-03
       11.100    3.00578E-03
       11.130    2.98971E-03
       11.160    2.97582E-03
       11.190    2.96102E-03
       11.220    2.94685E-03
       11.250    2.93217E-03
       11.280    2.91558E-03
       11.310    2.90279E-03
       11.340    2.88953E-03
       11.370    2.87465E-03
       11.400    2.85847E-03
       11.430    2.84858E-03
       11.460    2.83242E-03
       11.490    2.81827E-03
       11.520    2.80560E-03
       11.550    2.79431E-03
       11.580    2.77755E-03
       11.610    2.76873E-03
       11.640    2.75462E-03
       11.670    2.73927E-03
       11.700    2.72748E-03
       11.730    2.71645E-03
       11.760    2.70158E-03
       11.790    2.69050E-03
       11.820    2.67658E-03
       11.850    2.66394E-03
       11.880    2.65139E-03
       11.910    2.63799E-03
       11.940    2.62705E-03
       11.970    2.61566E-03
       12.000    2.60194E-03
       12.030    2.59044E-03
       12.060    2.57956E-03
       12.090    2.56637E-03
       12.120    2.55477E-03
       12.150    2.54301E-03
       12.180    2.53120E-03
       12.210    2.52074E-03
       12.240    2.50569E-03
       12.270    2.49638E-03
       12.300    2.48528E-03
       12.330    2.47483E-03
       12.360    2.46448E-03
       12.390    2.45410E-03
       12.420    2.44215E-03
       12.450    2.43191E-03
       12.480    2.42038E-03
       12.510    2.40839E-03
       12.540    2.39646E-03
       12.570    2.38766E-03
       12.600    2.37658E-03
       12.630    2.36728E-03
       12.660    2.35604E-03
       12.690    2.34665E-03
       12.720    2.33821E-03
       12.750    2.32693E-03
       12.780    2.31328E-03
       12.810    2.30490E-03
       12.840    2.29575E-03
       12.870    2.28487E-03
       12.900    2.27529E-03
       12.930    2.26361E-03
       12.960    2.25490E-03
       12.990    2.24506E-03
       13.020    2.23681E-03
       13.050    2.22618E-03
       13.080    2.21732E-03
       13.110    2.20720E-03
       13.140    2.19878E-03
       13.170    2.18743E-03
       13.200    2.17959E-03
       13.230    2.16939E-03
       13.260    2.16207E-03
       13.290    2.15185E-03
       13.320    2.14290E-03
       13.350    2.13296E-03
       13.380    2.12522E-03
       13.410    2.11586E-03
       13.440    2.10632E-03
       13.470    2.09803E-03
       13.500    2.08708E-03
       13.530    2.07917E-03
       13.560    2.07069E-03
       13.590    2.06291E-03
       13.620    2.05565E-03
       13.650    2.04352E-03
       13.680    2.03729E-03
       13.710    2.02915E-03
       13.740    2.02174E-03
       13.770    2.01195E-03
       13.800    1.99999E-03
       13.830    1.99537E-03
       13.860    1.98385E-03
       13.890    1.97641E-03
       13.920    1.96953E-03
       13.950    1.96362E-03
       13.980    1.94988E-03
       14.010    1.94160E-03
       14.040    1.93904E-03
       14.070    1.92916E-03
       14.100    1.92313E-03
       14.130    1.91546E-03
       14.160    1.90751E-03
       14.190    1.89951E-03
       14.220    1.88990E-03
       14.250    1.88309E-03
       14.280    1.87575E-03
       14.310    1.86732E-03
       14.340    1.86053E-03
       14.370    1.85363E-03
       14.400    1.84688E-03
       14.430    1.84010E-03
       14.460    1.82899E-03
       14.490    1.82407E-03
       14.520    1.81491E-03
       14.550    1.80953E-03
       14.580    1.80115E-03
       14.610    1.79255E-03
       14.640    1.78764E-03
       14.670    1.77881E-03
       14.700    1.77227E-03
       14.730    1.76438E-03
       14.760    1.75833E-03
       14.790    1.75106E-03
       14.820    1.74501E-03
       14.850    1.73596E-03
       14.880    1.72344E-03
       14.910    1.72377E-03
       14.940    1.71655E-03
       14.970    1.70615E-03
       15.000    1.70327E-03
       15.030    1.69624E-03
       15.060    1.68895E-03
       15.090    1.68278E-03
       15.120    1.67564E-03
       15.150    1.66886E-03
       15.180    1.66274E-03
       15.210    1.65523E-03
       15.240    1.64867E-03
       15.270    1.64384E-03
       15.300    1.63656E-03
       15.330    1.63026E-03
       15.360    1.62348E-03
       15.390    1.61703E-03
       15.420    1.60971E-03
       15.450    1.60037E-03
       15.480    1.59786E-03
       15.510    1.58984E-03
       15.540    1.58236E-03
       15.570    1.57766E-03
       15.600    1.57225E-03
       15.630    1.56472E-03
       15.660    1.55815E-03
       15.690    1.55446E-03
       15.720    1.54814E-03
       15.750    1.54003E-03
       15.780    1.53509E-03
       15.810    1.52783E-03
       15.840    1.52389E-03
       15.870    1.51675E-03
       15.900    1.51113E-03
       15.930    1.50524E-03
       15.960    1.49693E-03
       15.990    1.49102E-03
       16.020    1.48811E-03
       16.050    1.48253E-03
       16.080    1.47553E-03
       16.110    1.46898E-03
       16.140    1.46071E-03
       16.170    1.45946E-03
       16.200    1.45370E-03
       16.230    1.44741E-03
       16.260    1.43925E-03
       16.290    1.43641E-03
       16.320    1.42964E-03
       16.350    1.42480E-03
       16.380    1.41940E-03
       16.410    1.41308E-03
       16.440    1.40712E-03
       16.470    1.40167E-03
       16.500    1.39654E-03
       16.530    1.39177E-03
       16.560    1.38218E-03
       16.590    1.38108E-03
       16.620    1.37581E-03
       16.650    1.36985E-03
       16.680    1.36219E-03
       16.710    1.35941E-03
       16.740    1.35224E-03
       16.770    1.34820E-03
       16.800    1.34321E-03
       16.830    1.33639E-03
       16.860    1.33148E-03
       16.890    1.32529E-03
       16.920    1.32129E-03
       16.950    1.31654E-03
       16.980    1.30999E-03
       17.010    1.30597E-03
       17.040    1.30080E-03
       17.070    1.29549E-03
       17.100    1.29062E-03
       17.130    1.28308E-03
       17.160    1.28078E-03
       17.190    1.27473E-03
       17.220    1.26972E-03
       17.250    1.26311E-03
       17.280    1.25916E-03
       17.310    1.25498E-03
       17.340    1.24980E-03
       17.370    1.24317E-03
       17.400    1.24020E-03
       17.430    1.23477E-03
       17.460    1.22813E-03
       17.490    1.22479E-03
       17.520    1.21978E-03
       17.550    1.21508E-03
       17.580    1.21034E-03
       17.610    1.20537E-03
       17.640    1.19985E-03
       17.670    1.19574E-03
       17.700    1.19193E-03
       17.730    1.18527E-03
       17.760    1.18196E-03
       17.790    1.17702E-03
       17.820    1.17160E-03
       17.850    1.16697E-03
       17.880    1.16209E-03
       17.910    1.15682E-03
       17.940    1.14968E-03
       17.970    1.14875E-03
       18.000    1.14148E-03
       18.030    1.13865E-03
       18.060    1.13432E-03
       18.090    1.12841E-03
       18.120    1.12546E-03
       18.150    1.12004E-03
       18.180    1.11531E-03
       18.210    1.11156E-03
       18.240    1.10542E-03
       18.270    1.10297E-03
       18.300    1.09699E-03
       18.330    1.09405E-03
       18.360    1.08932E-03
       18.390    1.08461E-03
       18.420    1.07988E-03
       18.450    1.07627E-03
       18.480    1.07141E-03
       18.510    1.06656E-03
       18.540    1.06291E-03
       18.570    1.05760E-03
       18.600    1.05426E-03
       18.630    1.04882E-03
       18.660    1.04496E-03
       18.690    1.04077E-03
       18.720    1.03587E-03
       18.750    1.03201E-03
       18.780    1.02675E-03
       18.810    1.02198E-03
       18.840    1.01776E-03
       18.870    1.01538E-03
       18.900    1.00930E-03
       18.930    1.00581E-03
       18.960    1.00245E-03
       18.990    9.97158E-04
       19.020    9.91548E-04
       19.050    9.89741E-04
       19.080    9.84218E-04
       19.110    9.80021E-04
       19.140    9.75058E-04
       19.170    9.71755E-04
       19.200    9.68243E-04
       19.230    9.65173E-04
       19.260    9.61001E-04
       19.290    9.51217E-04
       19.320    9.52005E-04
       19.350    9.47759E-04
       19.380    9.44375E-04
       19.410    9.40187E-04
       19.440    9.35074E-04
       19.470    9.31792E-04
       19.500    9.28208E-04
       19.530    9.24126E-04
       19.560    9.20240E-04
       19.590    9.15784E-04
       19.620    9.12257E-04
       19.650    9.07718E-04
       19.680    9.03972E-04
       19.710    8.99953E-04
       19.740    8.95892E-04
       19.770    8.91001E-04
       19.800    8.86691E-04
       19.830    8.84335E-04
       19.860    8.80042E-04
       19.890    8.68416E-04
       19.920    8.73087E-04
       19.950    8.68374E-04
       19.980    8.64813E-04
       20.010    8.60215E-04
       20.040    8.57152E-04
       20.070    8.53412E-04
       20.100    8.49620E-04
       20.130    8.45291E-04
       20.160    8.41025E-04
       20.190    8.37315E-04
       20.220    8.34510E-04
       20.250    8.30249E-04
       20.280    8.26589E-04
       20.310    8.22264E-04
       20.340    8.18663E-04
       20.370    8.14051E-04
       20.400    8.11380E-04
       20.430    8.06875E-04
       20.460    8.03919E-04
       20.490    8.00038E-04
       20.520    7.96646E-04
       20.550    7.91513E-04
       20.580    7.89067E-04
       20.610    7.85311E-04
       20.640    7.81471E-04
       20.670    7.78142E-04
       20.700    7.73789E-04
       20.730    7.71015E-04
       20.760    7.67053E-04
       20.790    7.63677E-04
       20.820    7.60285E-04
       20.850    7.56457E-04
       20.880    7.52633E-04
       20.910    7.48032E-04
       20.940    7.45334E-04
       20.970    7.39953E-04
       21.000    7.36517E-04
       21.030    7.34474E-04
       21.060    7.30380E-04
       21.090    7.26865E-04
       21.120    7.23805E-04
       21.150    7.20678E-04
       21.180    7.17255E-04
       21.210    7.13101E-04
       21.240    7.09551E-04
       21.270    7.06800E-04
       21.300    7.02425E-04
       21.330    6.99441E-04
       21.360    6.96611E-04
       21.390    6.93117E-04
       21.420    6.89454E-04
       21.450    6.85980E-04
       21.480    6.82842E-04
       21.510    6.75587E-04
       21.540    6.75345E-04
       21.570    6.71336E-04
       21.600    6.68320E-04
       21.630    6.64553E-04
       21.660    6.60892E-04
       21.690    6.58757E-04
       21.720    6.55463E-04
       21.750    6.51817E-04
       21.780    6.48872E-04
       21.810    6.45134E-04
       21.840    6.40377E-04
       21.870    6.37598E-04
       21.900    6.33920E-04
       21.930    6.31049E-04
       21.960    6.27906E-04
       21.990    6.24575E-04
       22.020    6.21748E-04
       22.050    6.18157E-04
       22.080    6.15306E-04
       22.110    6.10897E-04
       22.140    6.08373E-04
       22.170    6.03829E-04
       22.200    6.02132E-04
       22.230    5.98521E-04
       22.260    5.94512E-04
       22.290    5.91427E-04
       22.320    5.88416E-04
       22.350    5.85625E-04
       22.380    5.82489E-04
       22.410    5.79019E-04
       22.440    5.76042E-04
       22.470    5.71760E-04
       22.500    5.69529E-04
       22.530    5.66096E-04
       22.560    5.62502E-04
       22.590    5.59864E-04
       22.620    5.56620E-04
       22.650    5.53679E-04
       22.680    5.49934E-04
       22.710    5.46635E-04
       22.740    5.43691E-04
       22.770    5.40707E-04
       22.800    5.37123E-04
       22.830    5.34604E-04
       22.860    5.31513E-04
       22.890    5.28381E-04
       22.920    5.24865E-04
       22.950    5.21969E-04
       22.980    5.18654E-04
       23.010    5.16094E-04
       23.040    5.10899E-04
       23.070    5.09749E-04
       23.100    5.06845E-04
       23.130    5.03551E-04
       23.160    4.99625E-04
       23.190    4.97333E-04
       23.220    4.92980E-04
       23.250    4.91447E-04
       23.280    4.88057E-04
       23.310    4.85177E-04
       23.340    4.81325E-04
       23.370    4.79391E-04
       23.400    4.76012E-04
       23.430    4.72767E-04
       23.460    4.69164E-04
       23.490    4.66089E-04
       23.520    4.63554E-04
       23.550    4.60835E-04
       23.580    4.57956E-04
       23.610    4.55335E-04
       23.640    4.52182E-04
       23.670    4.49368E-04
       23.700    4.46042E-04
       23.730    4.43177E-04
       23.760    4.40221E-04
       23.790    4.36880E-04
       23.820    4.34476E-04
       23.850    4.29311E-04
       23.880    4.27234E-04
       23.910    4.25844E-04
       23.940    4.23014E-04
       23.970    4.19863E-04
       24.000    4.16844E-04
       24.030    4.14064E-04
       24.060    4.11180E-04
       24.090    4.07795E-04
       24.120    4.05359E-04
       24.150    4.02517E-04
       24.180    4.00027E-04
       24.210    3.96924E-04
       24.240    3.93829E-04
       24.270    3.91022E-04
       24.300    3.88093E-04
       24.330    3.84776E-04
       24.360    3.82749E-04
       24.390    3.79615E-04
       24.420    3.76956E-04
       24.450    3.74384E-04
       24.480    3.71124E-04
       24.510    3.68182E-04
       24.540    3.65955E-04
       24.570    3.63040E-04
       24.600    3.59867E-04
       24.630    3.57241E-04
       24.660    3.54726E-04
       24.690    3.52201E-04
       24.720    3.49180E-04
       24.750    3.44886E-04
       24.780    3.43614E-04
       24.810    3.39480E-04
       24.840    3.38258E-04
       24.870    3.35572E-04
       24.900    3.32627E-04
       24.930    3.29924E-04
       24.960    3.27065E-04
       24.990    3.24618E-04
       25.020    3.22002E-04
       25.050    3.19110E-04
       25.080    3.16621E-04
       25.110    3.13837E-04
       25.140    3.10856E-04
       25.170    3.08143E-04
       25.200    3.05903E-04
       25.230    3.03191E-04
       25.260    3.00485E-04
       25.290    2.98113E-04
       25.320    2.95258E-04
       25.350    2.92631E-04
       25.380    2.89840E-04
       25.410    2.87487E-04
       25.440    2.84970E-04
       25.470    2.81504E-04
       25.500    2.79356E-04
       25.530    2.77078E-04
       25.560    2.74344E-04
       25.590    2.72030E-04
       25.620    2.68447E-04
       25.650    2.66761E-04
       25.680    2.64106E-04
       25.710    2.59921E-04
       25.740    2.59190E-04
       25.770    2.56679E-04
       25.800    2.54116E-04
       25.830    2.51615E-04
       25.860    2.47245E-04
       25.890    2.46432E-04
       25.920    2.43993E-04
       25.950    2.41471E-04
       25.980    2.38792E-04
       26.010    2.35680E-04
       26.040    2.34053E-04
       26.070    2.31542E-04
       26.100    2.28935E-04
       26.130    2.26835E-04
       26.160    2.24098E-04
       26.190    2.21339E-04
       26.220    2.18585E-04
       26.250    2.16720E-04
       26.280    2.14354E-04
       26.310    2.11859E-04
       26.340    2.09523E-04
       26.370    2.06874E-04
       26.400    2.04742E-04
       26.430    2.02280E-04
       26.460    1.99853E-04
       26.490    1.97530E-04
       26.520    1.95255E-04
       26.550    1.92841E-04
       26.580    1.90596E-04
       26.610    1.88118E-04
       26.640    1.85867E-04
       26.670    1.83681E-04
       26.700    1.81190E-04
       26.730    1.78961E-04
       26.760    1.76255E-04
       26.790    1.73964E-04
       26.820    1.71978E-04
       26.850    1.69673E-04
       26.880    1.67471E-04
       26.910    1.65229E-04
       26.940    1.62570E-04
       26.970    1.60567E-04
       27.000    1.58109E-04
       27.030    1.55935E-04
       27.060    1.53918E-04
       27.090    1.51664E-04
       27.120    1.49419E-04
       27.150    1.47336E-04
       27.180    1.45122E-04
       27.210    1.42956E-04
       27.240    1.40485E-04
       27.270    1.38269E-04
       27.300    1.36524E-04
       27.330    1.34300E-04
       27.360    1.32211E-04
       27.390    1.29742E-04
       27.420    1.27918E-04
       27.450    1.25635E-04
       27.480    1.23506E-04
       27.510    1.21676E-04
       27.540    1.19097E-04
       27.570    1.17384E-04
       27.600    1.15373E-04
       27.630    1.13362E-04
       27.660    1.11338E-04
       27.690    1.09328E-04
       27.720    1.07267E-04
       27.750    1.04825E-04
       27.780    1.03158E-04
       27.810    1.01277E-04
       27.840    9.86547E-05
       27.870    9.74020E-05
       27.900    9.53937E-05
       27.930    9.32373E-05
       27.960    9.15133E-05
       27.990    8.96525E-05
       28.020    8.72755E-05
       28.050    8.56358E-05
       28.080    8.38410E-05
       28.110    8.19800E-05
       28.140    8.01192E-05
       28.170    7.82488E-05
       28.200    7.63603E-05
       28.230    7.46364E-05
       28.260    7.27027E-05
       28.290    7.08944E-05
       28.320    6.82247E-05
       28.350    6.73665E-05
       28.380    6.56371E-05
       28.410    6.39488E-05
       28.440    6.21326E-05
       28.470    6.04503E-05
       28.500    5.87586E-05
       28.530    5.70334E-05
       28.560    5.53990E-05
       28.590    5.36582E-05
       28.620    5.17422E-05
       28.650    5.03989E-05
       28.680    4.87299E-05
       28.710    4.71206E-05
       28.740    4.54922E-05
       28.770    4.40253E-05
       28.800    4.24431E-05
       28.830    4.09123E-05
       28.860    3.93920E-05
       28.890    3.78595E-05
       28.920    3.64226E-05
       28.950    3.49462E-05
       28.980    3.34681E-05
       29.010    3.19038E-05
       29.040    3.05152E-05
       29.070    2.92445E-05
       29.100    2.77692E-05
       29.130    2.64748E-05
       29.160    2.52021E-05
       29.190    2.38662E-05
       29.220    2.25696E-05
       29.250    2.13291E-05
       29.280    2.00498E-05
       29.310    1.88429E-05
       29.340    1.75375E-05
       29.370    1.64820E-05
       29.400    1.53519E-05
       29.430    1.42153E-05
       29.460    1.31241E-05
       29.490    1.20313E-05
       29.520    1.10268E-05
       29.550    1.00177E-05
       29.580    9.05141E-06
       29.610    8.08833E-06
       29.640    7.19630E-06
       29.670    6.31636E-06
       29.700    5.46520E-06
       29.730    4.68758E-06
       29.760    3.92117E-06
       29.790    3.22308E-06
       29.820    2.56427E-06
       29.850    1.94922E-06
       29.880    1.39671E-06
       29.910    9.08403E-07
       29.940    4.89986E-07
       29.970    1.74958E-07
       30.000    0.00000E+00
