          %pt            Sj
        0.030    4.49501E-01
        0.060    4.19011E-01
        0.090    3.97626E-01
        0.120    3.81263E-01
        0.150    3.67725E-01
        0.180    3.55826E-01
        0.210    3.45004E-01
        0.240    3.35357E-01
        0.270    3.25887E-01
        0.300    3.17737E-01
        0.330    3.09614E-01
        0.360    3.02372E-01
        0.390    2.95357E-01
        0.420    2.88645E-01
        0.450    2.82014E-01
        0.480    2.75930E-01
        0.510    2.69834E-01
        0.540    2.64189E-01
        0.570    2.58636E-01
        0.600    2.52901E-01
        0.630    2.47980E-01
        0.660    2.42735E-01
        0.690    2.37916E-01
        0.720    2.32825E-01
        0.750    2.28203E-01
        0.780    2.23516E-01
        0.810    2.18948E-01
        0.840    2.14432E-01
        0.870    2.10193E-01
        0.900    2.05611E-01
        0.930    2.01948E-01
        0.960    1.97655E-01
        0.990    1.93720E-01
        1.020    1.89608E-01
        1.050    1.85709E-01
        1.080    1.82124E-01
        1.110    1.78205E-01
        1.140    1.74726E-01
        1.170    1.71012E-01
        1.200    1.67639E-01
        1.230    1.64304E-01
        1.260    1.60737E-01
        1.290    1.57593E-01
        1.320    1.54241E-01
        1.350    1.51104E-01
        1.380    1.47758E-01
        1.410    1.44969E-01
        1.440    1.41986E-01
        1.470    1.38970E-01
        1.500    1.36122E-01
        1.530    1.33350E-01
        1.560    1.30489E-01
        1.590    1.27775E-01
        1.620    1.24920E-01
        1.650    1.22586E-01
        1.680    1.19912E-01
        1.710    1.17439E-01
        1.740    1.15014E-01
        1.770    1.12597E-01
        1.800    1.10356E-01
        1.830    1.08086E-01
        1.860    1.05886E-01
        1.890    1.03616E-01
        1.920    1.01516E-01
        1.950    9.93795E-02
        1.980    9.74239E-02
        2.010    9.54311E-02
        2.040    9.35187E-02
        2.070    9.15833E-02
        2.100    8.97184E-02
        2.130    8.78727E-02
        2.160    8.61089E-02
        2.190    8.43428E-02
        2.220    8.26696E-02
        2.250    8.10328E-02
        2.280    7.93034E-02
        2.310    7.78115E-02
        2.340    7.62434E-02
        2.370    7.47169E-02
        2.400    7.33175E-02
        2.430    7.18396E-02
        2.460    7.04316E-02
        2.490    6.90979E-02
        2.520    6.77645E-02
        2.550    6.65021E-02
        2.580    6.51712E-02
        2.610    6.39372E-02
        2.640    6.27348E-02
        2.670    6.15425E-02
        2.700    6.03879E-02
        2.730    5.92760E-02
        2.760    5.81098E-02
        2.790    5.70563E-02
        2.820    5.60032E-02
        2.850    5.49662E-02
        2.880    5.39904E-02
        2.910    5.30194E-02
        2.940    5.20588E-02
        2.970    5.11227E-02
        3.000    5.02018E-02
        3.030    4.92883E-02
        3.060    4.84020E-02
        3.090    4.74933E-02
        3.120    4.67635E-02
        3.150    4.58851E-02
        3.180    4.51490E-02
        3.210    4.43726E-02
        3.240    4.35907E-02
        3.270    4.28423E-02
        3.300    4.21086E-02
        3.330    4.13756E-02
        3.360    4.06899E-02
        3.390    4.00238E-02
        3.420    3.93461E-02
        3.450    3.86853E-02
        3.480    3.80703E-02
        3.510    3.74643E-02
        3.540    3.68162E-02
        3.570    3.62434E-02
        3.600    3.56524E-02
        3.630    3.51019E-02
        3.660    3.45507E-02
        3.690    3.40075E-02
        3.720    3.34623E-02
        3.750    3.29460E-02
        3.780    3.23790E-02
        3.810    3.19325E-02
        3.840    3.14161E-02
        3.870    3.09642E-02
        3.900    3.04901E-02
        3.930    3.00387E-02
        3.960    2.95867E-02
        3.990    2.91416E-02
        4.020    2.87376E-02
        4.050    2.83032E-02
        4.080    2.78578E-02
        4.110    2.74694E-02
        4.140    2.70541E-02
        4.170    2.66951E-02
        4.200    2.63088E-02
        4.230    2.59175E-02
        4.260    2.55780E-02
        4.290    2.51995E-02
        4.320    2.48670E-02
        4.350    2.45108E-02
        4.380    2.41776E-02
        4.410    2.38179E-02
        4.440    2.35000E-02
        4.470    2.32049E-02
        4.500    2.28791E-02
        4.530    2.25245E-02
        4.560    2.22589E-02
        4.590    2.19776E-02
        4.620    2.16864E-02
        4.650    2.14021E-02
        4.680    2.11091E-02
        4.710    2.08486E-02
        4.740    2.06011E-02
        4.770    2.03269E-02
        4.800    2.00973E-02
        4.830    1.98182E-02
        4.860    1.95674E-02
        4.890    1.93208E-02
        4.920    1.90850E-02
        4.950    1.88447E-02
        4.980    1.86118E-02
        5.010    1.83694E-02
        5.040    1.81627E-02
        5.070    1.79340E-02
        5.100    1.77466E-02
        5.130    1.75201E-02
        5.160    1.73314E-02
        5.190    1.71222E-02
        5.220    1.69298E-02
        5.250    1.67288E-02
        5.280    1.65045E-02
        5.310    1.63249E-02
        5.340    1.61477E-02
        5.370    1.59354E-02
        5.400    1.57945E-02
        5.430    1.56003E-02
        5.460    1.54348E-02
        5.490    1.52742E-02
        5.520    1.51017E-02
        5.550    1.49343E-02
        5.580    1.47768E-02
        5.610    1.45972E-02
        5.640    1.44490E-02
        5.670    1.42886E-02
        5.700    1.41384E-02
        5.730    1.39912E-02
        5.760    1.38091E-02
        5.790    1.36749E-02
        5.820    1.35626E-02
        5.850    1.34222E-02
        5.880    1.32753E-02
        5.910    1.31488E-02
        5.940    1.30075E-02
        5.970    1.28663E-02
        6.000    1.27481E-02
        6.030    1.26172E-02
        6.060    1.24858E-02
        6.090    1.23738E-02
        6.120    1.22449E-02
        6.150    1.21178E-02
        6.180    1.20152E-02
        6.210    1.18874E-02
        6.240    1.17713E-02
        6.270    1.16610E-02
        6.300    1.15382E-02
        6.330    1.14333E-02
        6.360    1.13144E-02
        6.390    1.12255E-02
        6.420    1.11064E-02
        6.450    1.09878E-02
        6.480    1.09110E-02
        6.510    1.07947E-02
        6.540    1.06978E-02
        6.570    1.05868E-02
        6.600    1.05176E-02
        6.630    1.04041E-02
        6.660    1.03286E-02
        6.690    1.02180E-02
        6.720    1.01420E-02
        6.750    1.00500E-02
        6.780    9.95294E-03
        6.810    9.87518E-03
        6.840    9.79390E-03
        6.870    9.70673E-03
        6.900    9.60262E-03
        6.930    9.53079E-03
        6.960    9.40822E-03
        6.990    9.37637E-03
        7.020    9.29570E-03
        7.050    9.20313E-03
        7.080    9.14279E-03
        7.110    9.06439E-03
        7.140    8.98996E-03
        7.170    8.91544E-03
        7.200    8.82495E-03
        7.230    8.74770E-03
        7.260    8.69156E-03
        7.290    8.59352E-03
        7.320    8.55449E-03
        7.350    8.48297E-03
        7.380    8.41961E-03
        7.410    8.32967E-03
        7.440    8.26843E-03
        7.470    8.21451E-03
        7.500    8.14413E-03
        7.530    8.08436E-03
        7.560    8.01973E-03
        7.590    7.96527E-03
        7.620    7.89768E-03
        7.650    7.83444E-03
        7.680    7.77243E-03
        7.710    7.69422E-03
        7.740    7.65243E-03
        7.770    7.59090E-03
        7.800    7.53705E-03
        7.830    7.48429E-03
        7.860    7.42775E-03
        7.890    7.37469E-03
        7.920    7.32529E-03
        7.950    7.26576E-03
        7.980    7.21082E-03
        8.010    7.15756E-03
        8.040    7.09568E-03
        8.070    7.02468E-03
        8.100    7.00053E-03
        8.130    6.93630E-03
        8.160    6.89189E-03
        8.190    6.85440E-03
        8.220    6.80105E-03
        8.250    6.75421E-03
        8.280    6.70595E-03
        8.310    6.65594E-03
        8.340    6.60363E-03
        8.370    6.56467E-03
        8.400    6.51014E-03
        8.430    6.46971E-03
        8.460    6.42593E-03
        8.490    6.38355E-03
        8.520    6.34010E-03
        8.550    6.30102E-03
        8.580    6.23480E-03
        8.610    6.21058E-03
        8.640    6.17468E-03
        8.670    6.12960E-03
        8.700    6.07779E-03
        8.730    6.04781E-03
        8.760    6.00716E-03
        8.790    5.96469E-03
        8.820    5.92900E-03
        8.850    5.88885E-03
        8.880    5.84994E-03
        8.910    5.81006E-03
        8.940    5.77133E-03
        8.970    5.73557E-03
        9.000    5.70000E-03
        9.030    5.65955E-03
        9.060    5.60856E-03
        9.090    5.58821E-03
        9.120    5.54996E-03
        9.150    5.51971E-03
        9.180    5.47896E-03
        9.210    5.44722E-03
        9.240    5.41296E-03
        9.270    5.35802E-03
        9.300    5.34662E-03
        9.330    5.31091E-03
        9.360    5.28149E-03
        9.390    5.25151E-03
        9.420    5.20839E-03
        9.450    5.18027E-03
        9.480    5.15122E-03
        9.510    5.12072E-03
        9.540    5.09265E-03
        9.570    5.05349E-03
        9.600    5.02676E-03
        9.630    4.99854E-03
        9.660    4.97029E-03
        9.690    4.92208E-03
        9.720    4.90937E-03
        9.750    4.87462E-03
        9.780    4.85025E-03
        9.810    4.82005E-03
        9.840    4.79457E-03
        9.870    4.76140E-03
        9.900    4.73687E-03
        9.930    4.71290E-03
        9.960    4.67229E-03
        9.990    4.65500E-03
       10.020    4.62672E-03
       10.050    4.59890E-03
       10.080    4.57316E-03
       10.110    4.54500E-03
       10.140    4.51895E-03
       10.170    4.49536E-03
       10.200    4.46686E-03
       10.230    4.44630E-03
       10.260    4.42269E-03
       10.290    4.39472E-03
       10.320    4.37148E-03
       10.350    4.34696E-03
       10.380    4.32015E-03
       10.410    4.28783E-03
       10.440    4.26983E-03
       10.470    4.24996E-03
       10.500    4.22664E-03
       10.530    4.19815E-03
       10.560    4.16022E-03
       10.590    4.15469E-03
       10.620    4.13552E-03
       10.650    4.10947E-03
       10.680    4.08983E-03
       10.710    4.06907E-03
       10.740    4.04470E-03
       10.770    4.02165E-03
       10.800    4.00169E-03
       10.830    3.97928E-03
       10.860    3.95913E-03
       10.890    3.93897E-03
       10.920    3.91575E-03
       10.950    3.89757E-03
       10.980    3.87320E-03
       11.010    3.85620E-03
       11.040    3.83221E-03
       11.070    3.81824E-03
       11.100    3.78636E-03
       11.130    3.77264E-03
       11.160    3.75548E-03
       11.190    3.73468E-03
       11.220    3.71754E-03
       11.250    3.69595E-03
       11.280    3.67897E-03
       11.310    3.65390E-03
       11.340    3.64316E-03
       11.370    3.62131E-03
       11.400    3.59853E-03
       11.430    3.58340E-03
       11.460    3.56704E-03
       11.490    3.54780E-03
       11.520    3.52865E-03
       11.550    3.50678E-03
       11.580    3.49520E-03
       11.610    3.47515E-03
       11.640    3.45707E-03
       11.670    3.43729E-03
       11.700    3.41640E-03
       11.730    3.40690E-03
       11.760    3.39196E-03
       11.790    3.37392E-03
       11.820    3.35599E-03
       11.850    3.33827E-03
       11.880    3.31907E-03
       11.910    3.30408E-03
       11.940    3.28869E-03
       11.970    3.27470E-03
       12.000    3.25294E-03
       12.030    3.23877E-03
       12.060    3.22452E-03
       12.090    3.21228E-03
       12.120    3.19239E-03
       12.150    3.17714E-03
       12.180    3.15663E-03
       12.210    3.14613E-03
       12.240    3.12978E-03
       12.270    3.11612E-03
       12.300    3.10352E-03
       12.330    3.08283E-03
       12.360    3.07073E-03
       12.390    3.05583E-03
       12.420    3.04383E-03
       12.450    3.02891E-03
       12.480    3.01345E-03
       12.510    2.99055E-03
       12.540    2.98416E-03
       12.570    2.97018E-03
       12.600    2.95534E-03
       12.630    2.94107E-03
       12.660    2.92776E-03
       12.690    2.91296E-03
       12.720    2.90110E-03
       12.750    2.88802E-03
       12.780    2.87540E-03
       12.810    2.85807E-03
       12.840    2.84282E-03
       12.870    2.83314E-03
       12.900    2.81565E-03
       12.930    2.80820E-03
       12.960    2.79577E-03
       12.990    2.77880E-03
       13.020    2.76722E-03
       13.050    2.75346E-03
       13.080    2.74146E-03
       13.110    2.73132E-03
       13.140    2.71919E-03
       13.170    2.70286E-03
       13.200    2.69020E-03
       13.230    2.67775E-03
       13.260    2.66793E-03
       13.290    2.65593E-03
       13.320    2.64481E-03
       13.350    2.63250E-03
       13.380    2.61871E-03
       13.410    2.60392E-03
       13.440    2.59264E-03
       13.470    2.58262E-03
       13.500    2.57219E-03
       13.530    2.55813E-03
       13.560    2.54824E-03
       13.590    2.53659E-03
       13.620    2.52614E-03
       13.650    2.51183E-03
       13.680    2.50094E-03
       13.710    2.49106E-03
       13.740    2.48035E-03
       13.770    2.46976E-03
       13.800    2.45784E-03
       13.830    2.44831E-03
       13.860    2.43559E-03
       13.890    2.42475E-03
       13.920    2.41273E-03
       13.950    2.40349E-03
       13.980    2.39285E-03
       14.010    2.37887E-03
       14.040    2.37023E-03
       14.070    2.36197E-03
       14.100    2.34819E-03
       14.130    2.33680E-03
       14.160    2.33014E-03
       14.190    2.31864E-03
       14.220    2.30916E-03
       14.250    2.29779E-03
       14.280    2.28603E-03
       14.310    2.27902E-03
       14.340    2.26697E-03
       14.370    2.25706E-03
       14.400    2.24756E-03
       14.430    2.23640E-03
       14.460    2.22748E-03
       14.490    2.21948E-03
       14.520    2.20731E-03
       14.550    2.19940E-03
       14.580    2.18411E-03
       14.610    2.17875E-03
       14.640    2.16780E-03
       14.670    2.16179E-03
       14.700    2.15206E-03
       14.730    2.14158E-03
       14.760    2.13379E-03
       14.790    2.12311E-03
       14.820    2.11415E-03
       14.850    2.10543E-03
       14.880    2.09405E-03
       14.910    2.08590E-03
       14.940    2.07382E-03
       14.970    2.06505E-03
       15.000    2.05542E-03
       15.030    2.04830E-03
       15.060    2.04047E-03
       15.090    2.03323E-03
       15.120    2.01738E-03
       15.150    2.01532E-03
       15.180    2.00388E-03
       15.210    1.99747E-03
       15.240    1.98691E-03
       15.270    1.97939E-03
       15.300    1.97282E-03
       15.330    1.96289E-03
       15.360    1.95427E-03
       15.390    1.94554E-03
       15.420    1.93467E-03
       15.450    1.92922E-03
       15.480    1.92004E-03
       15.510    1.91010E-03
       15.540    1.90375E-03
       15.570    1.89571E-03
       15.600    1.88661E-03
       15.630    1.88046E-03
       15.660    1.87091E-03
       15.690    1.85816E-03
       15.720    1.85491E-03
       15.750    1.84658E-03
       15.780    1.84071E-03
       15.810    1.82749E-03
       15.840    1.81933E-03
       15.870    1.81611E-03
       15.900    1.80729E-03
       15.930    1.79325E-03
       15.960    1.79074E-03
       15.990    1.78282E-03
       16.020    1.77666E-03
       16.050    1.76920E-03
       16.080    1.76032E-03
       16.110    1.75411E-03
       16.140    1.74521E-03
       16.170    1.73614E-03
       16.200    1.73015E-03
       16.230    1.72416E-03
       16.260    1.71496E-03
       16.290    1.70816E-03
       16.320    1.70174E-03
       16.350    1.69384E-03
       16.380    1.68537E-03
       16.410    1.67884E-03
       16.440    1.67158E-03
       16.470    1.66449E-03
       16.500    1.65559E-03
       16.530    1.65123E-03
       16.560    1.64233E-03
       16.590    1.63425E-03
       16.620    1.62927E-03
       16.650    1.62125E-03
       16.680    1.61484E-03
       16.710    1.60705E-03
       16.740    1.59945E-03
       16.770    1.59071E-03
       16.800    1.58688E-03
       16.830    1.57499E-03
       16.860    1.57427E-03
       16.890    1.56754E-03
       16.920    1.55921E-03
       16.950    1.55381E-03
       16.980    1.54620E-03
       17.010    1.53973E-03
       17.040    1.53360E-03
       17.070    1.52629E-03
       17.100    1.51972E-03
       17.130    1.51306E-03
       17.160    1.50658E-03
       17.190    1.49999E-03
       17.220    1.49214E-03
       17.250    1.48642E-03
       17.280    1.48094E-03
       17.310    1.47504E-03
       17.340    1.46614E-03
       17.370    1.46135E-03
       17.400    1.45544E-03
       17.430    1.44831E-03
       17.460    1.44207E-03
       17.490    1.43569E-03
       17.520    1.42824E-03
       17.550    1.42194E-03
       17.580    1.41737E-03
       17.610    1.41164E-03
       17.640    1.40473E-03
       17.670    1.39862E-03
       17.700    1.39160E-03
       17.730    1.38599E-03
       17.760    1.37947E-03
       17.790    1.37216E-03
       17.820    1.36624E-03
       17.850    1.36166E-03
       17.880    1.35552E-03
       17.910    1.34642E-03
       17.940    1.34312E-03
       17.970    1.33834E-03
       18.000    1.33128E-03
       18.030    1.32565E-03
       18.060    1.31940E-03
       18.090    1.31061E-03
       18.120    1.30511E-03
       18.150    1.30337E-03
       18.180    1.29669E-03
       18.210    1.29060E-03
       18.240    1.28363E-03
       18.270    1.27896E-03
       18.300    1.27267E-03
       18.330    1.26742E-03
       18.360    1.26078E-03
       18.390    1.25437E-03
       18.420    1.25066E-03
       18.450    1.24406E-03
       18.480    1.23966E-03
       18.510    1.23439E-03
       18.540    1.22899E-03
       18.570    1.22288E-03
       18.600    1.21656E-03
       18.630    1.21208E-03
       18.660    1.20539E-03
       18.690    1.19871E-03
       18.720    1.19601E-03
       18.750    1.19033E-03
       18.780    1.18366E-03
       18.810    1.17929E-03
       18.840    1.17305E-03
       18.870    1.16693E-03
       18.900    1.16294E-03
       18.930    1.15801E-03
       18.960    1.15068E-03
       18.990    1.14724E-03
       19.020    1.14147E-03
       19.050    1.13587E-03
       19.080    1.13178E-03
       19.110    1.12521E-03
       19.140    1.11967E-03
       19.170    1.11520E-03
       19.200    1.10744E-03
       19.230    1.10522E-03
       19.260    1.10014E-03
       19.290    1.09265E-03
       19.320    1.08851E-03
       19.350    1.08532E-03
       19.380    1.07886E-03
       19.410    1.07349E-03
       19.440    1.06644E-03
       19.470    1.06439E-03
       19.500    1.05932E-03
       19.530    1.05442E-03
       19.560    1.04936E-03
       19.590    1.04457E-03
       19.620    1.03945E-03
       19.650    1.03258E-03
       19.680    1.02991E-03
       19.710    1.02385E-03
       19.740    1.01980E-03
       19.770    1.01361E-03
       19.800    1.00965E-03
       19.830    1.00205E-03
       19.860    1.00063E-03
       19.890    9.95683E-04
       19.920    9.89930E-04
       19.950    9.85999E-04
       19.980    9.80325E-04
       20.010    9.76254E-04
       20.040    9.70522E-04
       20.070    9.66137E-04
       20.100    9.62199E-04
       20.130    9.57118E-04
       20.160    9.51769E-04
       20.190    9.47360E-04
       20.220    9.42855E-04
       20.250    9.38020E-04
       20.280    9.33552E-04
       20.310    9.27982E-04
       20.340    9.24312E-04
       20.370    9.20216E-04
       20.400    9.15785E-04
       20.430    9.09634E-04
       20.460    9.06521E-04
       20.490    9.01607E-04
       20.520    8.97551E-04
       20.550    8.91761E-04
       20.580    8.87887E-04
       20.610    8.84478E-04
       20.640    8.79704E-04
       20.670    8.75450E-04
       20.700    8.69806E-04
       20.730    8.65026E-04
       20.760    8.62195E-04
       20.790    8.57526E-04
       20.820    8.52504E-04
       20.850    8.48290E-04
       20.880    8.42242E-04
       20.910    8.39651E-04
       20.940    8.33635E-04
       20.970    8.30931E-04
       21.000    8.26520E-04
       21.030    8.21836E-04
       21.060    8.17403E-04
       21.090    8.13801E-04
       21.120    8.09496E-04
       21.150    8.05428E-04
       21.180    8.00270E-04
       21.210    7.97090E-04
       21.240    7.90791E-04
       21.270    7.88288E-04
       21.300    7.81853E-04
       21.330    7.79418E-04
       21.360    7.75501E-04
       21.390    7.71395E-04
       21.420    7.66879E-04
       21.450    7.63225E-04
       21.480    7.58936E-04
       21.510    7.54691E-04
       21.540    7.50574E-04
       21.570    7.46536E-04
       21.600    7.41601E-04
       21.630    7.37989E-04
       21.660    7.34034E-04
       21.690    7.30017E-04
       21.720    7.26336E-04
       21.750    7.21949E-04
       21.780    7.18510E-04
       21.810    7.14346E-04
       21.840    7.10005E-04
       21.870    7.05709E-04
       21.900    7.00270E-04
       21.930    6.98012E-04
       21.960    6.93485E-04
       21.990    6.85477E-04
       22.020    6.86120E-04
       22.050    6.82512E-04
       22.080    6.77892E-04
       22.110    6.73866E-04
       22.140    6.70189E-04
       22.170    6.66548E-04
       22.200    6.61396E-04
       22.230    6.58840E-04
       22.260    6.53563E-04
       22.290    6.45708E-04
       22.320    6.46899E-04
       22.350    6.43477E-04
       22.380    6.38748E-04
       22.410    6.33335E-04
       22.440    6.31769E-04
       22.470    6.27978E-04
       22.500    6.24309E-04
       22.530    6.20984E-04
       22.560    6.16199E-04
       22.590    6.13187E-04
       22.620    6.08904E-04
       22.650    6.05675E-04
       22.680    6.02165E-04
       22.710    5.98291E-04
       22.740    5.94721E-04
       22.770    5.90605E-04
       22.800    5.85873E-04
       22.830    5.83067E-04
       22.860    5.80313E-04
       22.890    5.75735E-04
       22.920    5.72414E-04
       22.950    5.68708E-04
       22.980    5.65371E-04
       23.010    5.61515E-04
       23.040    5.57965E-04
       23.070    5.54564E-04
       23.100    5.49774E-04
       23.130    5.47372E-04
       23.160    5.42739E-04
       23.190    5.39932E-04
       23.220    5.36857E-04
       23.250    5.32857E-04
       23.280    5.29616E-04
       23.310    5.26096E-04
       23.340    5.21005E-04
       23.370    5.19021E-04
       23.400    5.15630E-04
       23.430    5.11782E-04
       23.460    5.08687E-04
       23.490    5.04814E-04
       23.520    5.01363E-04
       23.550    4.98105E-04
       23.580    4.92858E-04
       23.610    4.91435E-04
       23.640    4.87717E-04
       23.670    4.84432E-04
       23.700    4.80178E-04
       23.730    4.78002E-04
       23.760    4.73752E-04
       23.790    4.70939E-04
       23.820    4.67373E-04
       23.850    4.64179E-04
       23.880    4.60980E-04
       23.910    4.57491E-04
       23.940    4.52920E-04
       23.970    4.50777E-04
       24.000    4.47763E-04
       24.030    4.42660E-04
       24.060    4.40825E-04
       24.090    4.37931E-04
       24.120    4.34292E-04
       24.150    4.31168E-04
       24.180    4.27824E-04
       24.210    4.24903E-04
       24.240    4.21627E-04
       24.270    4.17268E-04
       24.300    4.15092E-04
       24.330    4.11642E-04
       24.360    4.08252E-04
       24.390    4.05369E-04
       24.420    4.02372E-04
       24.450    3.98772E-04
       24.480    3.95803E-04
       24.510    3.92607E-04
       24.540    3.88402E-04
       24.570    3.86396E-04
       24.600    3.83407E-04
       24.630    3.80303E-04
       24.660    3.77005E-04
       24.690    3.73770E-04
       24.720    3.70577E-04
       24.750    3.66889E-04
       24.780    3.64263E-04
       24.810    3.61645E-04
       24.840    3.58416E-04
       24.870    3.55486E-04
       24.900    3.52600E-04
       24.930    3.49189E-04
       24.960    3.46167E-04
       24.990    3.42879E-04
       25.020    3.39856E-04
       25.050    3.36422E-04
       25.080    3.34157E-04
       25.110    3.30942E-04
       25.140    3.28396E-04
       25.170    3.25569E-04
       25.200    3.22413E-04
       25.230    3.18983E-04
       25.260    3.16535E-04
       25.290    3.13888E-04
       25.320    3.10295E-04
       25.350    3.07881E-04
       25.380    3.04918E-04
       25.410    3.02042E-04
       25.440    2.98721E-04
       25.470    2.96399E-04
       25.500    2.93203E-04
       25.530    2.90525E-04
       25.560    2.87918E-04
       25.590    2.84731E-04
       25.620    2.82113E-04
       25.650    2.79275E-04
       25.680    2.76544E-04
       25.710    2.73311E-04
       25.740    2.70986E-04
       25.770    2.67186E-04
       25.800    2.63996E-04
       25.830    2.62549E-04
       25.860    2.59446E-04
       25.890    2.57211E-04
       25.920    2.54314E-04
       25.950    2.51836E-04
       25.980    2.48773E-04
       26.010    2.46001E-04
       26.040    2.42425E-04
       26.070    2.40917E-04
       26.100    2.38220E-04
       26.130    2.35598E-04
       26.160    2.32778E-04
       26.190    2.29901E-04
       26.220    2.27448E-04
       26.250    2.24881E-04
       26.280    2.22225E-04
       26.310    2.19173E-04
       26.340    2.17085E-04
       26.370    2.14529E-04
       26.400    2.12000E-04
       26.430    2.09251E-04
       26.460    2.06798E-04
       26.490    2.04281E-04
       26.520    2.01699E-04
       26.550    1.98817E-04
       26.580    1.94152E-04
       26.610    1.92101E-04
       26.640    1.90857E-04
       26.670    1.88992E-04
       26.700    1.86735E-04
       26.730    1.84113E-04
       26.760    1.81635E-04
       26.790    1.78893E-04
       26.820    1.77071E-04
       26.850    1.74194E-04
       26.880    1.71938E-04
       26.910    1.69685E-04
       26.940    1.67297E-04
       26.970    1.64797E-04
       27.000    1.62426E-04
       27.030    1.59977E-04
       27.060    1.57684E-04
       27.090    1.55400E-04
       27.120    1.53136E-04
       27.150    1.49357E-04
       27.180    1.48430E-04
       27.210    1.46151E-04
       27.240    1.43729E-04
       27.270    1.41589E-04
       27.300    1.39161E-04
       27.330    1.36985E-04
       27.360    1.34730E-04
       27.390    1.32560E-04
       27.420    1.30266E-04
       27.450    1.26839E-04
       27.480    1.25647E-04
       27.510    1.23607E-04
       27.540    1.21076E-04
       27.570    1.19340E-04
       27.600    1.17173E-04
       27.630    1.15115E-04
       27.660    1.12863E-04
       27.690    1.10805E-04
       27.720    1.08714E-04
       27.750    1.06451E-04
       27.780    1.04068E-04
       27.810    1.02318E-04
       27.840    1.00501E-04
       27.870    9.78756E-05
       27.900    9.64173E-05
       27.930    9.43825E-05
       27.960    9.21378E-05
       27.990    9.04295E-05
       28.020    8.84476E-05
       28.050    8.64035E-05
       28.080    8.45203E-05
       28.110    8.26081E-05
       28.140    8.06519E-05
       28.170    7.86928E-05
       28.200    7.68471E-05
       28.230    7.49467E-05
       28.260    7.31019E-05
       28.290    7.11693E-05
       28.320    6.94468E-05
       28.350    6.76684E-05
       28.380    6.57291E-05
       28.410    6.40618E-05
       28.440    6.22679E-05
       28.470    6.05172E-05
       28.500    5.85739E-05
       28.530    5.70857E-05
       28.560    5.51984E-05
       28.590    5.36297E-05
       28.620    5.19960E-05
       28.650    5.02766E-05
       28.680    4.79055E-05
       28.710    4.70037E-05
       28.740    4.54409E-05
       28.770    4.38595E-05
       28.800    4.22607E-05
       28.830    4.04709E-05
       28.860    3.90966E-05
       28.890    3.76464E-05
       28.920    3.60884E-05
       28.950    3.46147E-05
       28.980    3.32375E-05
       29.010    3.17944E-05
       29.040    3.03701E-05
       29.070    2.89595E-05
       29.100    2.76014E-05
       29.130    2.61519E-05
       29.160    2.49205E-05
       29.190    2.35903E-05
       29.220    2.23273E-05
       29.250    2.10980E-05
       29.280    1.98190E-05
       29.310    1.86170E-05
       29.340    1.72034E-05
       29.370    1.62401E-05
       29.400    1.51091E-05
       29.430    1.40087E-05
       29.460    1.28467E-05
       29.490    1.18505E-05
       29.520    1.08408E-05
       29.550    9.85329E-06
       29.580    8.88518E-06
       29.610    7.85494E-06
       29.640    7.06367E-06
       29.670    6.19647E-06
       29.700    5.36158E-06
       29.730    4.59290E-06
       29.760    3.84241E-06
       29.790    3.15140E-06
       29.820    2.45665E-06
       29.850    1.90609E-06
       29.880    1.36397E-06
       29.910    8.85892E-07
       29.940    4.83416E-07
       29.970    1.70703E-07
       30.000    0.00000E+00
