          %pt            Sj
        0.040    8.87159E-03
        0.080    1.94883E-02
        0.120    3.07152E-02
        0.160    4.20423E-02
        0.200    5.30654E-02
        0.240    6.34433E-02
        0.280    7.28948E-02
        0.320    8.12010E-02
        0.360    8.82081E-02
        0.400    9.38271E-02
        0.440    9.80299E-02
        0.480    1.00843E-01
        0.520    1.02339E-01
        0.560    1.02627E-01
        0.600    1.01839E-01
        0.640    1.00123E-01
        0.680    9.76351E-02
        0.720    9.45253E-02
        0.760    9.09373E-02
        0.800    8.70012E-02
        0.840    8.28318E-02
        0.880    7.85269E-02
        0.920    7.41676E-02
        0.960    6.98187E-02
        1.000    6.55308E-02
        1.040    6.13418E-02
        1.080    5.72790E-02
        1.120    5.33611E-02
        1.160    4.96002E-02
        1.200    4.60029E-02
        1.240    4.25724E-02
        1.280    3.93090E-02
        1.320    3.62112E-02
        1.360    3.32764E-02
        1.400    3.05013E-02
        1.440    2.78822E-02
        1.480    2.54155E-02
        1.520    2.30973E-02
        1.560    2.09243E-02
        1.600    1.88928E-02
        1.640    1.69998E-02
        1.680    1.52420E-02
        1.720    1.36166E-02
        1.760    1.21208E-02
        1.800    1.07517E-02
        1.840    9.50676E-03
        1.880    8.38306E-03
        1.920    7.37775E-03
        1.960    6.48767E-03
        2.000    5.70905E-03
        2.040    5.03492E-03
        2.080    4.45108E-03
        2.120    3.94410E-03
        2.160    3.50271E-03
        2.200    3.11748E-03
        2.240    2.78046E-03
        2.280    2.48491E-03
        2.320    2.22517E-03
        2.360    1.99638E-03
        2.400    1.79443E-03
        2.440    1.61581E-03
        2.480    1.45750E-03
        2.520    1.31693E-03
        2.560    1.19187E-03
        2.600    1.08041E-03
        2.640    9.80890E-04
        2.680    8.91882E-04
        2.720    8.12139E-04
        2.760    7.40583E-04
        2.800    6.76269E-04
        2.840    6.18375E-04
        2.880    5.66182E-04
        2.920    5.19059E-04
        2.960    4.76454E-04
        3.000    4.37878E-04
        3.040    4.02903E-04
        3.080    3.71152E-04
        3.120    3.42289E-04
        3.160    3.16019E-04
        3.200    2.92079E-04
        3.240    2.70236E-04
        3.280    2.50283E-04
        3.320    2.32035E-04
        3.360    2.15329E-04
        3.400    2.00016E-04
        3.440    1.85966E-04
        3.480    1.73060E-04
        3.520    1.61194E-04
        3.560    1.50273E-04
        3.600    1.40211E-04
        3.640    1.30932E-04
        3.680    1.22368E-04
        3.720    1.14454E-04
        3.760    1.07137E-04
        3.800    1.00364E-04
        3.840    9.40893E-05
        3.880    8.82720E-05
        3.920    8.28739E-05
        3.960    7.78606E-05
        4.000    7.32011E-05
        4.040    6.88670E-05
        4.080    6.48324E-05
        4.120    6.10738E-05
        4.160    5.75696E-05
        4.200    5.43004E-05
        4.240    5.12481E-05
        4.280    4.83964E-05
        4.320    4.57302E-05
        4.360    4.32358E-05
        4.400    4.09006E-05
        4.440    3.87129E-05
        4.480    3.66623E-05
        4.520    3.47387E-05
        4.560    3.29334E-05
        4.600    3.12379E-05
        4.640    2.96447E-05
        4.680    2.81467E-05
        4.720    2.67373E-05
        4.760    2.54107E-05
        4.800    2.41612E-05
        4.840    2.29838E-05
        4.880    2.18736E-05
        4.920    2.08262E-05
        4.960    1.98377E-05
        5.000    1.89042E-05
        5.040    1.80223E-05
        5.080    1.71886E-05
        5.120    1.64001E-05
        5.160    1.56541E-05
        5.200    1.49478E-05
        5.240    1.42790E-05
        5.280    1.36452E-05
        5.320    1.30445E-05
        5.360    1.24747E-05
        5.400    1.19342E-05
        5.440    1.14211E-05
        5.480    1.09340E-05
        5.520    1.04712E-05
        5.560    1.00313E-05
        5.600    9.61316E-06
        5.640    9.21544E-06
        5.680    8.83701E-06
        5.720    8.47681E-06
        5.760    8.13382E-06
        5.800    7.80711E-06
        5.840    7.49577E-06
        5.880    7.19899E-06
        5.920    6.91598E-06
        5.960    6.64600E-06
        6.000    6.38837E-06
        6.040    6.14245E-06
        6.080    5.90761E-06
        6.120    5.68328E-06
        6.160    5.46893E-06
        6.200    5.26404E-06
        6.240    5.06813E-06
        6.280    4.88076E-06
        6.320    4.70149E-06
        6.360    4.52992E-06
        6.400    4.36567E-06
        6.440    4.20838E-06
        6.480    4.05772E-06
        6.520    3.91336E-06
        6.560    3.77500E-06
        6.600    3.64235E-06
        6.640    3.51514E-06
        6.680    3.39312E-06
        6.720    3.27605E-06
        6.760    3.16368E-06
        6.800    3.05581E-06
        6.840    2.95223E-06
        6.880    2.85274E-06
        6.920    2.75715E-06
        6.960    2.66530E-06
        7.000    2.57700E-06
        7.040    2.49212E-06
        7.080    2.41048E-06
        7.120    2.33196E-06
        7.160    2.25641E-06
        7.200    2.18370E-06
        7.240    2.11372E-06
        7.280    2.04634E-06
        7.320    1.98145E-06
        7.360    1.91895E-06
        7.400    1.85874E-06
        7.440    1.80071E-06
        7.480    1.74479E-06
        7.520    1.69088E-06
        7.560    1.63889E-06
        7.600    1.58876E-06
        7.640    1.54040E-06
        7.680    1.49374E-06
        7.720    1.44872E-06
        7.760    1.40526E-06
        7.800    1.36331E-06
        7.840    1.32281E-06
        7.880    1.28369E-06
        7.920    1.24590E-06
        7.960    1.20940E-06
        8.000    1.17413E-06
        8.040    1.14004E-06
        8.080    1.10710E-06
        8.120    1.07524E-06
        8.160    1.04444E-06
        8.200    1.01466E-06
        8.240    9.85847E-07
        8.280    9.57974E-07
        8.320    9.31006E-07
        8.360    9.04907E-07
        8.400    8.79647E-07
        8.440    8.55194E-07
        8.480    8.31518E-07
        8.520    8.08593E-07
        8.560    7.86389E-07
        8.600    7.64882E-07
        8.640    7.44046E-07
        8.680    7.23858E-07
        8.720    7.04294E-07
        8.760    6.85333E-07
        8.800    6.66953E-07
        8.840    6.49134E-07
        8.880    6.31856E-07
        8.920    6.15101E-07
        8.960    5.98850E-07
        9.000    5.83087E-07
        9.040    5.67795E-07
        9.080    5.52957E-07
        9.120    5.38558E-07
        9.160    5.24584E-07
        9.200    5.11020E-07
        9.240    4.97853E-07
        9.280    4.85068E-07
        9.320    4.72655E-07
        9.360    4.60600E-07
        9.400    4.48891E-07
        9.440    4.37518E-07
        9.480    4.26469E-07
        9.520    4.15734E-07
        9.560    4.05303E-07
        9.600    3.95166E-07
        9.640    3.85314E-07
        9.680    3.75737E-07
        9.720    3.66427E-07
        9.760    3.57376E-07
        9.800    3.48574E-07
        9.840    3.40016E-07
        9.880    3.31692E-07
        9.920    3.23595E-07
        9.960    3.15720E-07
       10.000    3.08058E-07
       10.040    3.00603E-07
       10.080    2.93349E-07
       10.120    2.86290E-07
       10.160    2.79420E-07
       10.200    2.72733E-07
       10.240    2.66224E-07
       10.280    2.59887E-07
       10.320    2.53717E-07
       10.360    2.47709E-07
       10.400    2.41859E-07
       10.440    2.36162E-07
       10.480    2.30613E-07
       10.520    2.25208E-07
       10.560    2.19942E-07
       10.600    2.14813E-07
       10.640    2.09815E-07
       10.680    2.04945E-07
       10.720    2.00200E-07
       10.760    1.95575E-07
       10.800    1.91067E-07
       10.840    1.86674E-07
       10.880    1.82391E-07
       10.920    1.78216E-07
       10.960    1.74146E-07
       11.000    1.70177E-07
       11.040    1.66307E-07
       11.080    1.62533E-07
       11.120    1.58852E-07
       11.160    1.55263E-07
       11.200    1.51761E-07
       11.240    1.48346E-07
       11.280    1.45014E-07
       11.320    1.41763E-07
       11.360    1.38592E-07
       11.400    1.35497E-07
       11.440    1.32478E-07
       11.480    1.29531E-07
       11.520    1.26655E-07
       11.560    1.23848E-07
       11.600    1.21108E-07
       11.640    1.18434E-07
       11.680    1.15823E-07
       11.720    1.13275E-07
       11.760    1.10786E-07
       11.800    1.08357E-07
       11.840    1.05984E-07
       11.880    1.03668E-07
       11.920    1.01405E-07
       11.960    9.91961E-08
       12.000    9.70382E-08
       12.040    9.49306E-08
       12.080    9.28718E-08
       12.120    9.08608E-08
       12.160    8.88962E-08
       12.200    8.69768E-08
       12.240    8.51016E-08
       12.280    8.32695E-08
       12.320    8.14792E-08
       12.360    7.97298E-08
       12.400    7.80203E-08
       12.440    7.63497E-08
       12.480    7.47169E-08
       12.520    7.31211E-08
       12.560    7.15614E-08
       12.600    7.00368E-08
       12.640    6.85464E-08
       12.680    6.70896E-08
       12.720    6.56653E-08
       12.760    6.42729E-08
       12.800    6.29115E-08
       12.840    6.15804E-08
       12.880    6.02789E-08
       12.920    5.90063E-08
       12.960    5.77618E-08
       13.000    5.65448E-08
       13.040    5.53546E-08
       13.080    5.41906E-08
       13.120    5.30521E-08
       13.160    5.19386E-08
       13.200    5.08495E-08
       13.240    4.97842E-08
       13.280    4.87420E-08
       13.320    4.77226E-08
       13.360    4.67253E-08
       13.400    4.57496E-08
       13.440    4.47951E-08
       13.480    4.38611E-08
       13.520    4.29473E-08
       13.560    4.20532E-08
       13.600    4.11784E-08
       13.640    4.03223E-08
       13.680    3.94845E-08
       13.720    3.86647E-08
       13.760    3.78624E-08
       13.800    3.70773E-08
       13.840    3.63088E-08
       13.880    3.55567E-08
       13.920    3.48206E-08
       13.960    3.41001E-08
       14.000    3.33948E-08
       14.040    3.27045E-08
       14.080    3.20288E-08
       14.120    3.13673E-08
       14.160    3.07197E-08
       14.200    3.00858E-08
       14.240    2.94651E-08
       14.280    2.88575E-08
       14.320    2.82627E-08
       14.360    2.76802E-08
       14.400    2.71100E-08
       14.440    2.65517E-08
       14.480    2.60050E-08
       14.520    2.54696E-08
       14.560    2.49455E-08
       14.600    2.44322E-08
       14.640    2.39296E-08
       14.680    2.34374E-08
       14.720    2.29553E-08
       14.760    2.24833E-08
       14.800    2.20210E-08
       14.840    2.15683E-08
       14.880    2.11249E-08
       14.920    2.06906E-08
       14.960    2.02653E-08
       15.000    1.98488E-08
       15.040    1.94407E-08
       15.080    1.90411E-08
       15.120    1.86497E-08
       15.160    1.82663E-08
       15.200    1.78907E-08
       15.240    1.75228E-08
       15.280    1.71625E-08
       15.320    1.68095E-08
       15.360    1.64637E-08
       15.400    1.61250E-08
       15.440    1.57932E-08
       15.480    1.54681E-08
       15.520    1.51497E-08
       15.560    1.48377E-08
       15.600    1.45321E-08
       15.640    1.42327E-08
       15.680    1.39393E-08
       15.720    1.36520E-08
       15.760    1.33704E-08
       15.800    1.30946E-08
       15.840    1.28243E-08
       15.880    1.25595E-08
       15.920    1.23001E-08
       15.960    1.20459E-08
       16.000    1.17969E-08
       16.040    1.15529E-08
       16.080    1.13138E-08
       16.120    1.10796E-08
       16.160    1.08500E-08
       16.200    1.06252E-08
       16.240    1.04048E-08
       16.280    1.01889E-08
       16.320    9.97736E-09
       16.360    9.77008E-09
       16.400    9.56697E-09
       16.440    9.36795E-09
       16.480    9.17295E-09
       16.520    8.98187E-09
       16.560    8.79464E-09
       16.600    8.61118E-09
       16.640    8.43141E-09
       16.680    8.25526E-09
       16.720    8.08265E-09
       16.760    7.91352E-09
       16.800    7.74779E-09
       16.840    7.58540E-09
       16.880    7.42627E-09
       16.920    7.27035E-09
       16.960    7.11756E-09
       17.000    6.96785E-09
       17.040    6.82115E-09
       17.080    6.67740E-09
       17.120    6.53655E-09
       17.160    6.39853E-09
       17.200    6.26329E-09
       17.240    6.13077E-09
       17.280    6.00093E-09
       17.320    5.87369E-09
       17.360    5.74903E-09
       17.400    5.62687E-09
       17.440    5.50717E-09
       17.480    5.38989E-09
       17.520    5.27498E-09
       17.560    5.16238E-09
       17.600    5.05205E-09
       17.640    4.94396E-09
       17.680    4.83804E-09
       17.720    4.73427E-09
       17.760    4.63259E-09
       17.800    4.53297E-09
       17.840    4.43537E-09
       17.880    4.33974E-09
       17.920    4.24604E-09
       17.960    4.15425E-09
       18.000    4.06432E-09
       18.040    3.97621E-09
       18.080    3.88989E-09
       18.120    3.80532E-09
       18.160    3.72247E-09
       18.200    3.64130E-09
       18.240    3.56179E-09
       18.280    3.48390E-09
       18.320    3.40759E-09
       18.360    3.33284E-09
       18.400    3.25961E-09
       18.440    3.18788E-09
       18.480    3.11761E-09
       18.520    3.04878E-09
       18.560    2.98137E-09
       18.600    2.91533E-09
       18.640    2.85064E-09
       18.680    2.78729E-09
       18.720    2.72523E-09
       18.760    2.66445E-09
       18.800    2.60493E-09
       18.840    2.54662E-09
       18.880    2.48952E-09
       18.920    2.43360E-09
       18.960    2.37884E-09
       19.000    2.32521E-09
       19.040    2.27268E-09
       19.080    2.22125E-09
       19.120    2.17089E-09
       19.160    2.12157E-09
       19.200    2.07327E-09
       19.240    2.02599E-09
       19.280    1.97969E-09
       19.320    1.93435E-09
       19.360    1.88997E-09
       19.400    1.84651E-09
       19.440    1.80396E-09
       19.480    1.76231E-09
       19.520    1.72153E-09
       19.560    1.68161E-09
       19.600    1.64253E-09
       19.640    1.60428E-09
       19.680    1.56683E-09
       19.720    1.53018E-09
       19.760    1.49430E-09
       19.800    1.45919E-09
       19.840    1.42482E-09
       19.880    1.39118E-09
       19.920    1.35826E-09
       19.960    1.32605E-09
       20.000    1.29452E-09
