          %pt            Sj
        0.040    1.94629E-02
        0.080    7.10640E-02
        0.120    1.47192E-01
        0.160    2.40615E-01
        0.200    3.44341E-01
        0.240    4.51850E-01
        0.280    5.57347E-01
        0.320    6.55957E-01
        0.360    7.43852E-01
        0.400    8.18295E-01
        0.440    8.77611E-01
        0.480    9.21105E-01
        0.520    9.48918E-01
        0.560    9.61872E-01
        0.600    9.61290E-01
        0.640    9.48831E-01
        0.680    9.26330E-01
        0.720    8.95668E-01
        0.760    8.58667E-01
        0.800    8.17016E-01
        0.840    7.72220E-01
        0.880    7.25576E-01
        0.920    6.78164E-01
        0.960    6.30861E-01
        1.000    5.84351E-01
        1.040    5.39156E-01
        1.080    4.95653E-01
        1.120    4.54108E-01
        1.160    4.14690E-01
        1.200    3.77500E-01
        1.240    3.42582E-01
        1.280    3.09942E-01
        1.320    2.79553E-01
        1.360    2.51368E-01
        1.400    2.25327E-01
        1.440    2.01357E-01
        1.480    1.79377E-01
        1.520    1.59305E-01
        1.560    1.41050E-01
        1.600    1.24522E-01
        1.640    1.09628E-01
        1.680    9.62727E-02
        1.720    8.43596E-02
        1.760    7.37913E-02
        1.800    6.44692E-02
        1.840    5.62937E-02
        1.880    4.91641E-02
        1.920    4.29791E-02
        1.960    3.76364E-02
        2.000    3.30333E-02
        2.040    2.90670E-02
        2.080    2.56408E-02
        2.120    2.26730E-02
        2.160    2.00955E-02
        2.200    1.78511E-02
        2.240    1.58920E-02
        2.280    1.41778E-02
        2.320    1.26744E-02
        2.360    1.13528E-02
        2.400    1.01886E-02
        2.440    9.16085E-03
        2.480    8.25164E-03
        2.520    7.44572E-03
        2.560    6.72996E-03
        2.600    6.09308E-03
        2.640    5.52534E-03
        2.680    5.01833E-03
        2.720    4.56478E-03
        2.760    4.15836E-03
        2.800    3.79358E-03
        2.840    3.46564E-03
        2.880    3.17036E-03
        2.920    2.90410E-03
        2.960    2.66363E-03
        3.000    2.44616E-03
        3.040    2.24920E-03
        3.080    2.07057E-03
        3.120    1.90835E-03
        3.160    1.76085E-03
        3.200    1.62655E-03
        3.240    1.50411E-03
        3.280    1.39237E-03
        3.320    1.29026E-03
        3.360    1.19684E-03
        3.400    1.11127E-03
        3.440    1.03282E-03
        3.480    9.60804E-04
        3.520    8.94631E-04
        3.560    8.33761E-04
        3.600    7.77714E-04
        3.640    7.26056E-04
        3.680    6.78397E-04
        3.720    6.34385E-04
        3.760    5.93704E-04
        3.800    5.56067E-04
        3.840    5.21215E-04
        3.880    4.88915E-04
        3.920    4.58953E-04
        3.960    4.31136E-04
        4.000    4.05291E-04
        4.040    3.81257E-04
        4.080    3.58891E-04
        4.120    3.38060E-04
        4.160    3.18644E-04
        4.200    3.00534E-04
        4.240    2.83629E-04
        4.280    2.67838E-04
        4.320    2.53076E-04
        4.360    2.39269E-04
        4.400    2.26344E-04
        4.440    2.14238E-04
        4.480    2.02891E-04
        4.520    1.92248E-04
        4.560    1.82261E-04
        4.600    1.72882E-04
        4.640    1.64069E-04
        4.680    1.55783E-04
        4.720    1.47989E-04
        4.760    1.40652E-04
        4.800    1.33742E-04
        4.840    1.27230E-04
        4.880    1.21090E-04
        4.920    1.15299E-04
        4.960    1.09832E-04
        5.000    1.04669E-04
        5.040    9.97916E-05
        5.080    9.51807E-05
        5.120    9.08198E-05
        5.160    8.66935E-05
        5.200    8.27871E-05
        5.240    7.90872E-05
        5.280    7.55814E-05
        5.320    7.22579E-05
        5.360    6.91058E-05
        5.400    6.61150E-05
        5.440    6.32760E-05
        5.480    6.05799E-05
        5.520    5.80185E-05
        5.560    5.55841E-05
        5.600    5.32694E-05
        5.640    5.10677E-05
        5.680    4.89725E-05
        5.720    4.69781E-05
        5.760    4.50787E-05
        5.800    4.32693E-05
        5.840    4.15449E-05
        5.880    3.99009E-05
        5.920    3.83330E-05
        5.960    3.68372E-05
        6.000    3.54097E-05
        6.040    3.40468E-05
        6.080    3.27452E-05
        6.120    3.15017E-05
        6.160    3.03134E-05
        6.200    2.91774E-05
        6.240    2.80911E-05
        6.280    2.70520E-05
        6.320    2.60577E-05
        6.360    2.51060E-05
        6.400    2.41949E-05
        6.440    2.33222E-05
        6.480    2.24862E-05
        6.520    2.16851E-05
        6.560    2.09172E-05
        6.600    2.01809E-05
        6.640    1.94748E-05
        6.680    1.87974E-05
        6.720    1.81473E-05
        6.760    1.75233E-05
        6.800    1.69243E-05
        6.840    1.63490E-05
        6.880    1.57964E-05
        6.920    1.52654E-05
        6.960    1.47551E-05
        7.000    1.42645E-05
        7.040    1.37928E-05
        7.080    1.33392E-05
        7.120    1.29028E-05
        7.160    1.24829E-05
        7.200    1.20788E-05
        7.240    1.16897E-05
        7.280    1.13152E-05
        7.320    1.09544E-05
        7.360    1.06069E-05
        7.400    1.02721E-05
        7.440    9.94951E-06
        7.480    9.63853E-06
        7.520    9.33872E-06
        7.560    9.04963E-06
        7.600    8.77081E-06
        7.640    8.50185E-06
        7.680    8.24234E-06
        7.720    7.99192E-06
        7.760    7.75020E-06
        7.800    7.51685E-06
        7.840    7.29154E-06
        7.880    7.07395E-06
        7.920    6.86377E-06
        7.960    6.66072E-06
        8.000    6.46453E-06
        8.040    6.27492E-06
        8.080    6.09165E-06
        8.120    5.91447E-06
        8.160    5.74315E-06
        8.200    5.57748E-06
        8.240    5.41723E-06
        8.280    5.26221E-06
        8.320    5.11222E-06
        8.360    4.96708E-06
        8.400    4.82661E-06
        8.440    4.69063E-06
        8.480    4.55899E-06
        8.520    4.43152E-06
        8.560    4.30808E-06
        8.600    4.18852E-06
        8.640    4.07270E-06
        8.680    3.96049E-06
        8.720    3.85176E-06
        8.760    3.74639E-06
        8.800    3.64426E-06
        8.840    3.54526E-06
        8.880    3.44928E-06
        8.920    3.35622E-06
        8.960    3.26596E-06
        9.000    3.17843E-06
        9.040    3.09352E-06
        9.080    3.01115E-06
        9.120    2.93123E-06
        9.160    2.85368E-06
        9.200    2.77841E-06
        9.240    2.70536E-06
        9.280    2.63445E-06
        9.320    2.56561E-06
        9.360    2.49876E-06
        9.400    2.43386E-06
        9.440    2.37082E-06
        9.480    2.30960E-06
        9.520    2.25012E-06
        9.560    2.19235E-06
        9.600    2.13621E-06
        9.640    2.08166E-06
        9.680    2.02866E-06
        9.720    1.97714E-06
        9.760    1.92706E-06
        9.800    1.87839E-06
        9.840    1.83106E-06
        9.880    1.78505E-06
        9.920    1.74031E-06
        9.960    1.69680E-06
       10.000    1.65448E-06
       10.040    1.61332E-06
       10.080    1.57329E-06
       10.120    1.53434E-06
       10.160    1.49644E-06
       10.200    1.45957E-06
       10.240    1.42368E-06
       10.280    1.38877E-06
       10.320    1.35478E-06
       10.360    1.32170E-06
       10.400    1.28950E-06
       10.440    1.25815E-06
       10.480    1.22763E-06
       10.520    1.19791E-06
       10.560    1.16897E-06
       10.600    1.14079E-06
       10.640    1.11334E-06
       10.680    1.08661E-06
       10.720    1.06057E-06
       10.760    1.03520E-06
       10.800    1.01049E-06
       10.840    9.86418E-07
       10.880    9.62960E-07
       10.920    9.40101E-07
       10.960    9.17826E-07
       11.000    8.96118E-07
       11.040    8.74960E-07
       11.080    8.54337E-07
       11.120    8.34235E-07
       11.160    8.14639E-07
       11.200    7.95535E-07
       11.240    7.76909E-07
       11.280    7.58749E-07
       11.320    7.41041E-07
       11.360    7.23773E-07
       11.400    7.06934E-07
       11.440    6.90511E-07
       11.480    6.74493E-07
       11.520    6.58869E-07
       11.560    6.43630E-07
       11.600    6.28763E-07
       11.640    6.14260E-07
       11.680    6.00111E-07
       11.720    5.86306E-07
       11.760    5.72837E-07
       11.800    5.59693E-07
       11.840    5.46868E-07
       11.880    5.34351E-07
       11.920    5.22137E-07
       11.960    5.10215E-07
       12.000    4.98580E-07
       12.040    4.87222E-07
       12.080    4.76136E-07
       12.120    4.65314E-07
       12.160    4.54750E-07
       12.200    4.44436E-07
       12.240    4.34366E-07
       12.280    4.24535E-07
       12.320    4.14935E-07
       12.360    4.05561E-07
       12.400    3.96408E-07
       12.440    3.87470E-07
       12.480    3.78741E-07
       12.520    3.70216E-07
       12.560    3.61890E-07
       12.600    3.53758E-07
       12.640    3.45816E-07
       12.680    3.38057E-07
       12.720    3.30479E-07
       12.760    3.23076E-07
       12.800    3.15844E-07
       12.840    3.08779E-07
       12.880    3.01876E-07
       12.920    2.95133E-07
       12.960    2.88544E-07
       13.000    2.82106E-07
       13.040    2.75816E-07
       13.080    2.69669E-07
       13.120    2.63663E-07
       13.160    2.57793E-07
       13.200    2.52058E-07
       13.240    2.46452E-07
       13.280    2.40974E-07
       13.320    2.35620E-07
       13.360    2.30387E-07
       13.400    2.25273E-07
       13.440    2.20274E-07
       13.480    2.15388E-07
       13.520    2.10612E-07
       13.560    2.05943E-07
       13.600    2.01379E-07
       13.640    1.96918E-07
       13.680    1.92557E-07
       13.720    1.88293E-07
       13.760    1.84125E-07
       13.800    1.80050E-07
       13.840    1.76065E-07
       13.880    1.72170E-07
       13.920    1.68362E-07
       13.960    1.64638E-07
       14.000    1.60997E-07
       14.040    1.57437E-07
       14.080    1.53956E-07
       14.120    1.50552E-07
       14.160    1.47223E-07
       14.200    1.43968E-07
       14.240    1.40785E-07
       14.280    1.37673E-07
       14.320    1.34629E-07
       14.360    1.31652E-07
       14.400    1.28741E-07
       14.440    1.25894E-07
       14.480    1.23109E-07
       14.520    1.20386E-07
       14.560    1.17723E-07
       14.600    1.15118E-07
       14.640    1.12570E-07
       14.680    1.10079E-07
       14.720    1.07641E-07
       14.760    1.05258E-07
       14.800    1.02926E-07
       14.840    1.00645E-07
       14.880    9.84147E-08
       14.920    9.62328E-08
       14.960    9.40985E-08
       15.000    9.20109E-08
       15.040    8.99688E-08
       15.080    8.79713E-08
       15.120    8.60173E-08
       15.160    8.41060E-08
       15.200    8.22363E-08
       15.240    8.04073E-08
       15.280    7.86182E-08
       15.320    7.68680E-08
       15.360    7.51559E-08
       15.400    7.34810E-08
       15.440    7.18426E-08
       15.480    7.02398E-08
       15.520    6.86719E-08
       15.560    6.71380E-08
       15.600    6.56375E-08
       15.640    6.41696E-08
       15.680    6.27336E-08
       15.720    6.13288E-08
       15.760    5.99545E-08
       15.800    5.86101E-08
       15.840    5.72948E-08
       15.880    5.60081E-08
       15.920    5.47494E-08
       15.960    5.35180E-08
       16.000    5.23134E-08
       16.040    5.11349E-08
       16.080    4.99820E-08
       16.120    4.88542E-08
       16.160    4.77508E-08
       16.200    4.66715E-08
       16.240    4.56156E-08
       16.280    4.45826E-08
       16.320    4.35721E-08
       16.360    4.25836E-08
       16.400    4.16165E-08
       16.440    4.06705E-08
       16.480    3.97451E-08
       16.520    3.88398E-08
       16.560    3.79542E-08
       16.600    3.70879E-08
       16.640    3.62405E-08
       16.680    3.54115E-08
       16.720    3.46006E-08
       16.760    3.38074E-08
       16.800    3.30315E-08
       16.840    3.22725E-08
       16.880    3.15302E-08
       16.920    3.08040E-08
       16.960    3.00936E-08
       17.000    2.93989E-08
       17.040    2.87193E-08
       17.080    2.80546E-08
       17.120    2.74044E-08
       17.160    2.67685E-08
       17.200    2.61465E-08
       17.240    2.55382E-08
       17.280    2.49433E-08
       17.320    2.43614E-08
       17.360    2.37923E-08
       17.400    2.32357E-08
       17.440    2.26913E-08
       17.480    2.21590E-08
       17.520    2.16384E-08
       17.560    2.11293E-08
       17.600    2.06314E-08
       17.640    2.01445E-08
       17.680    1.96684E-08
       17.720    1.92029E-08
       17.760    1.87476E-08
       17.800    1.83025E-08
       17.840    1.78672E-08
       17.880    1.74416E-08
       17.920    1.70254E-08
       17.960    1.66186E-08
       18.000    1.62207E-08
       18.040    1.58318E-08
       18.080    1.54515E-08
       18.120    1.50798E-08
       18.160    1.47163E-08
       18.200    1.43610E-08
       18.240    1.40137E-08
       18.280    1.36741E-08
       18.320    1.33422E-08
       18.360    1.30178E-08
       18.400    1.27006E-08
       18.440    1.23907E-08
       18.480    1.20877E-08
       18.520    1.17915E-08
       18.560    1.15021E-08
       18.600    1.12192E-08
       18.640    1.09428E-08
       18.680    1.06726E-08
       18.720    1.04086E-08
       18.760    1.01506E-08
       18.800    9.89847E-09
       18.840    9.65211E-09
       18.880    9.41140E-09
       18.920    9.17619E-09
       18.960    8.94639E-09
       19.000    8.72186E-09
       19.040    8.50251E-09
       19.080    8.28821E-09
       19.120    8.07886E-09
       19.160    7.87435E-09
       19.200    7.67458E-09
       19.240    7.47945E-09
       19.280    7.28885E-09
       19.320    7.10268E-09
       19.360    6.92086E-09
       19.400    6.74328E-09
       19.440    6.56986E-09
       19.480    6.40050E-09
       19.520    6.23511E-09
       19.560    6.07362E-09
       19.600    5.91593E-09
       19.640    5.76197E-09
       19.680    5.61165E-09
       19.720    5.46489E-09
       19.760    5.32161E-09
       19.800    5.18174E-09
       19.840    5.04520E-09
       19.880    4.91192E-09
       19.920    4.78183E-09
       19.960    4.65486E-09
       20.000    4.53094E-09
