          %x            T
        0.010    6.24827E-06
        0.020    6.24536E-06
        0.030    6.24051E-06
        0.040    6.23372E-06
        0.050    6.22500E-06
        0.060    6.21437E-06
        0.070    6.20184E-06
        0.080    6.18741E-06
        0.090    6.17111E-06
        0.100    6.15295E-06
        0.110    6.13295E-06
        0.120    6.11114E-06
        0.130    6.08753E-06
        0.140    6.06216E-06
        0.150    6.03505E-06
        0.160    6.00623E-06
        0.170    5.97573E-06
        0.180    5.94358E-06
        0.190    5.90982E-06
        0.200    5.87448E-06
        0.210    5.83760E-06
        0.220    5.79922E-06
        0.230    5.75937E-06
        0.240    5.71810E-06
        0.250    5.67544E-06
        0.260    5.63145E-06
        0.270    5.58616E-06
        0.280    5.53962E-06
        0.290    5.49187E-06
        0.300    5.44296E-06
        0.310    5.39293E-06
        0.320    5.34183E-06
        0.330    5.28972E-06
        0.340    5.23663E-06
        0.350    5.18261E-06
        0.360    5.12772E-06
        0.370    5.07199E-06
        0.380    5.01549E-06
        0.390    4.95825E-06
        0.400    4.90033E-06
        0.410    4.84177E-06
        0.420    4.78262E-06
        0.430    4.72293E-06
        0.440    4.66274E-06
        0.450    4.60211E-06
        0.460    4.54107E-06
        0.470    4.47968E-06
        0.480    4.41797E-06
        0.490    4.35600E-06
        0.500    4.29380E-06
        0.510    4.23142E-06
        0.520    4.16890E-06
        0.530    4.10629E-06
        0.540    4.04362E-06
        0.550    3.98092E-06
        0.560    3.91825E-06
        0.570    3.85564E-06
        0.580    3.79312E-06
        0.590    3.73074E-06
        0.600    3.66851E-06
        0.610    3.60649E-06
        0.620    3.54469E-06
        0.630    3.48316E-06
        0.640    3.42192E-06
        0.650    3.36101E-06
        0.660    3.30044E-06
        0.670    3.24025E-06
        0.680    3.18046E-06
        0.690    3.12110E-06
        0.700    3.06219E-06
        0.710    3.00375E-06
        0.720    2.94581E-06
        0.730    2.88838E-06
        0.740    2.83149E-06
        0.750    2.77515E-06
        0.760    2.71938E-06
        0.770    2.66420E-06
        0.780    2.60962E-06
        0.790    2.55566E-06
        0.800    2.50232E-06
        0.810    2.44962E-06
        0.820    2.39758E-06
        0.830    2.34620E-06
        0.840    2.29549E-06
        0.850    2.24546E-06
        0.860    2.19612E-06
        0.870    2.14748E-06
        0.880    2.09953E-06
        0.890    2.05229E-06
        0.900    2.00576E-06
        0.910    1.95995E-06
        0.920    1.91485E-06
        0.930    1.87047E-06
        0.940    1.82681E-06
        0.950    1.78388E-06
        0.960    1.74166E-06
        0.970    1.70017E-06
        0.980    1.65939E-06
        0.990    1.61934E-06
        1.000    1.58000E-06
        1.010    1.54138E-06
        1.020    1.50347E-06
        1.030    1.46626E-06
        1.040    1.42976E-06
        1.050    1.39396E-06
        1.060    1.35886E-06
        1.070    1.32444E-06
        1.080    1.29071E-06
        1.090    1.25766E-06
        1.100    1.22528E-06
        1.110    1.19356E-06
        1.120    1.16251E-06
        1.130    1.13210E-06
        1.140    1.10234E-06
        1.150    1.07323E-06
        1.160    1.04474E-06
        1.170    1.01687E-06
        1.180    9.89615E-07
        1.190    9.62969E-07
        1.200    9.36921E-07
        1.210    9.11462E-07
        1.220    8.86584E-07
        1.230    8.62280E-07
        1.240    8.38539E-07
        1.250    8.15353E-07
        1.260    7.92714E-07
        1.270    7.70613E-07
        1.280    7.49040E-07
        1.290    7.27987E-07
        1.300    7.07445E-07
        1.310    6.87405E-07
        1.320    6.67858E-07
        1.330    6.48795E-07
        1.340    6.30207E-07
        1.350    6.12085E-07
        1.360    5.94421E-07
        1.370    5.77205E-07
        1.380    5.60430E-07
        1.390    5.44085E-07
        1.400    5.28163E-07
        1.410    5.12655E-07
        1.420    4.97552E-07
        1.430    4.82846E-07
        1.440    4.68529E-07
        1.450    4.54592E-07
        1.460    4.41028E-07
        1.470    4.27827E-07
        1.480    4.14982E-07
        1.490    4.02486E-07
        1.500    3.90330E-07
        1.510    3.78506E-07
        1.520    3.67008E-07
        1.530    3.55827E-07
        1.540    3.44956E-07
        1.550    3.34389E-07
        1.560    3.24116E-07
        1.570    3.14133E-07
        1.580    3.04431E-07
        1.590    2.95005E-07
        1.600    2.85846E-07
        1.610    2.76949E-07
        1.620    2.68307E-07
        1.630    2.59914E-07
        1.640    2.51764E-07
        1.650    2.43850E-07
        1.660    2.36166E-07
        1.670    2.28707E-07
        1.680    2.21466E-07
        1.690    2.14439E-07
        1.700    2.07619E-07
        1.710    2.01001E-07
        1.720    1.94580E-07
        1.730    1.88350E-07
        1.740    1.82306E-07
        1.750    1.76444E-07
        1.760    1.70759E-07
        1.770    1.65245E-07
        1.780    1.59899E-07
        1.790    1.54714E-07
        1.800    1.49688E-07
        1.810    1.44816E-07
        1.820    1.40092E-07
        1.830    1.35514E-07
        1.840    1.31077E-07
        1.850    1.26777E-07
        1.860    1.22611E-07
        1.870    1.18574E-07
        1.880    1.14663E-07
        1.890    1.10874E-07
        1.900    1.07203E-07
        1.910    1.03648E-07
        1.920    1.00205E-07
        1.930    9.68702E-08
        1.940    9.36411E-08
        1.950    9.05144E-08
        1.960    8.74871E-08
        1.970    8.45562E-08
        1.980    8.17189E-08
        1.990    7.89724E-08
        2.000    7.63140E-08
        2.010    7.37411E-08
        2.020    7.12510E-08
        2.030    6.88414E-08
        2.040    6.65097E-08
        2.050    6.42536E-08
        2.060    6.20708E-08
        2.070    5.99590E-08
        2.080    5.79161E-08
        2.090    5.59401E-08
        2.100    5.40287E-08
        2.110    5.21800E-08
        2.120    5.03921E-08
        2.130    4.86632E-08
        2.140    4.69912E-08
        2.150    4.53746E-08
        2.160    4.38115E-08
        2.170    4.23002E-08
        2.180    4.08392E-08
        2.190    3.94268E-08
        2.200    3.80615E-08
        2.210    3.67419E-08
        2.220    3.54664E-08
        2.230    3.42337E-08
        2.240    3.30424E-08
        2.250    3.18911E-08
        2.260    3.07787E-08
        2.270    2.97037E-08
        2.280    2.86652E-08
        2.290    2.76617E-08
        2.300    2.66923E-08
        2.310    2.57558E-08
        2.320    2.48511E-08
        2.330    2.39773E-08
        2.340    2.31332E-08
        2.350    2.23180E-08
        2.360    2.15306E-08
        2.370    2.07702E-08
        2.380    2.00360E-08
        2.390    1.93269E-08
        2.400    1.86422E-08
        2.410    1.79811E-08
        2.420    1.73428E-08
        2.430    1.67265E-08
        2.440    1.61315E-08
        2.450    1.55572E-08
        2.460    1.50027E-08
        2.470    1.44675E-08
        2.480    1.39509E-08
        2.490    1.34523E-08
        2.500    1.29710E-08
        2.510    1.25066E-08
        2.520    1.20583E-08
        2.530    1.16257E-08
        2.540    1.12083E-08
        2.550    1.08055E-08
        2.560    1.04168E-08
        2.570    1.00418E-08
        2.580    9.68000E-09
        2.590    9.33091E-09
        2.600    8.99413E-09
        2.610    8.66923E-09
        2.620    8.35580E-09
        2.630    8.05346E-09
        2.640    7.76181E-09
        2.650    7.48050E-09
        2.660    7.20917E-09
        2.670    6.94748E-09
        2.680    6.69508E-09
        2.690    6.45165E-09
        2.700    6.21691E-09
        2.710    5.99053E-09
        2.720    5.77223E-09
        2.730    5.56172E-09
        2.740    5.35874E-09
        2.750    5.16303E-09
        2.760    4.97433E-09
        2.770    4.79239E-09
        2.780    4.61698E-09
        2.790    4.44787E-09
        2.800    4.28483E-09
        2.810    4.12767E-09
        2.820    3.97616E-09
        2.830    3.83012E-09
        2.840    3.68934E-09
        2.850    3.55365E-09
        2.860    3.42286E-09
        2.870    3.29680E-09
        2.880    3.17530E-09
        2.890    3.05821E-09
        2.900    2.94536E-09
        2.910    2.83660E-09
        2.920    2.73180E-09
        2.930    2.63080E-09
        2.940    2.53348E-09
        2.950    2.43970E-09
        2.960    2.34933E-09
        2.970    2.26226E-09
        2.980    2.17837E-09
        2.990    2.09754E-09
        3.000    2.01966E-09
        3.010    1.94463E-09
        3.020    1.87235E-09
        3.030    1.80271E-09
        3.040    1.73562E-09
        3.050    1.67100E-09
        3.060    1.60874E-09
        3.070    1.54877E-09
        3.080    1.49101E-09
        3.090    1.43537E-09
        3.100    1.38177E-09
        3.110    1.33015E-09
        3.120    1.28043E-09
        3.130    1.23255E-09
        3.140    1.18643E-09
        3.150    1.14201E-09
        3.160    1.09924E-09
        3.170    1.05804E-09
        3.180    1.01837E-09
        3.190    9.80170E-10
        3.200    9.43382E-10
        3.210    9.07956E-10
        3.220    8.73845E-10
        3.230    8.40999E-10
        3.240    8.09373E-10
        3.250    7.78921E-10
        3.260    7.49602E-10
        3.270    7.21372E-10
        3.280    6.94193E-10
        3.290    6.68026E-10
        3.300    6.42833E-10
        3.310    6.18580E-10
        3.320    5.95231E-10
        3.330    5.72753E-10
        3.340    5.51114E-10
        3.350    5.30284E-10
        3.360    5.10232E-10
        3.370    4.90930E-10
        3.380    4.72350E-10
        3.390    4.54466E-10
        3.400    4.37251E-10
        3.410    4.20682E-10
        3.420    4.04733E-10
        3.430    3.89383E-10
        3.440    3.74609E-10
        3.450    3.60390E-10
        3.460    3.46705E-10
        3.470    3.33534E-10
        3.480    3.20859E-10
        3.490    3.08660E-10
        3.500    2.96921E-10
        3.510    2.85623E-10
        3.520    2.74751E-10
        3.530    2.64290E-10
        3.540    2.54222E-10
        3.550    2.44535E-10
        3.560    2.35213E-10
        3.570    2.26243E-10
        3.580    2.17612E-10
        3.590    2.09307E-10
        3.600    2.01316E-10
        3.610    1.93627E-10
        3.620    1.86230E-10
        3.630    1.79112E-10
        3.640    1.72264E-10
        3.650    1.65676E-10
        3.660    1.59337E-10
        3.670    1.53239E-10
        3.680    1.47372E-10
        3.690    1.41728E-10
        3.700    1.36298E-10
        3.710    1.31075E-10
        3.720    1.26049E-10
        3.730    1.21215E-10
        3.740    1.16565E-10
        3.750    1.12092E-10
        3.760    1.07789E-10
        3.770    1.03650E-10
        3.780    9.96684E-11
        3.790    9.58387E-11
        3.800    9.21549E-11
        3.810    8.86117E-11
        3.820    8.52036E-11
        3.830    8.19255E-11
        3.840    7.87727E-11
        3.850    7.57402E-11
        3.860    7.28236E-11
        3.870    7.00184E-11
        3.880    6.73206E-11
        3.890    6.47259E-11
        3.900    6.22304E-11
        3.910    5.98305E-11
        3.920    5.75224E-11
        3.930    5.53028E-11
        3.940    5.31682E-11
        3.950    5.11154E-11
        3.960    4.91413E-11
        3.970    4.72429E-11
        3.980    4.54173E-11
        3.990    4.36618E-11
        4.000    4.19737E-11
        4.010    4.03505E-11
        4.020    3.87895E-11
        4.030    3.72886E-11
        4.040    3.58453E-11
        4.050    3.44576E-11
        4.060    3.31231E-11
        4.070    3.18401E-11
        4.080    3.06064E-11
        4.090    2.94203E-11
        4.100    2.82798E-11
        4.110    2.71832E-11
        4.120    2.61289E-11
        4.130    2.51152E-11
        4.140    2.41406E-11
        4.150    2.32036E-11
        4.160    2.23028E-11
        4.170    2.14366E-11
        4.180    2.06040E-11
        4.190    1.98035E-11
        4.200    1.90339E-11
        4.210    1.82940E-11
        4.220    1.75828E-11
        4.230    1.68990E-11
        4.240    1.62416E-11
        4.250    1.56097E-11
        4.260    1.50022E-11
        4.270    1.44183E-11
        4.280    1.38569E-11
        4.290    1.33173E-11
        4.300    1.27985E-11
        4.310    1.22999E-11
        4.320    1.18206E-11
        4.330    1.13598E-11
        4.340    1.09170E-11
        4.350    1.04913E-11
        4.360    1.00821E-11
        4.370    9.68874E-12
        4.380    9.31068E-12
        4.390    8.94731E-12
        4.400    8.59803E-12
        4.410    8.26233E-12
        4.420    7.93966E-12
        4.430    7.62953E-12
        4.440    7.33145E-12
        4.450    7.04496E-12
        4.460    6.76961E-12
        4.470    6.50497E-12
        4.480    6.25062E-12
        4.490    6.00617E-12
        4.500    5.77123E-12
        4.510    5.54544E-12
        4.520    5.32843E-12
        4.530    5.11989E-12
        4.540    4.91945E-12
        4.550    4.72684E-12
        4.560    4.54173E-12
        4.570    4.36383E-12
        4.580    4.19287E-12
        4.590    4.02858E-12
        4.600    3.87069E-12
        4.610    3.71896E-12
        4.620    3.57316E-12
        4.630    3.43305E-12
        4.640    3.29840E-12
        4.650    3.16901E-12
        4.660    3.04468E-12
        4.670    2.92520E-12
        4.680    2.81040E-12
        4.690    2.70007E-12
        4.700    2.59407E-12
        4.710    2.49220E-12
        4.720    2.39432E-12
        4.730    2.30026E-12
        4.740    2.20989E-12
        4.750    2.12305E-12
        4.760    2.03961E-12
        4.770    1.95943E-12
        4.780    1.88239E-12
        4.790    1.80837E-12
        4.800    1.73725E-12
        4.810    1.66892E-12
        4.820    1.60326E-12
        4.830    1.54017E-12
        4.840    1.47956E-12
        4.850    1.42132E-12
        4.860    1.36537E-12
        4.870    1.31161E-12
        4.880    1.25996E-12
        4.890    1.21034E-12
        4.900    1.16266E-12
        4.910    1.11685E-12
        4.920    1.07284E-12
        4.930    1.03056E-12
        4.940    9.89942E-13
        4.950    9.50917E-13
        4.960    9.13424E-13
        4.970    8.77405E-13
        4.980    8.42799E-13
        4.990    8.09555E-13
        5.000    7.77616E-13
        5.010    7.46934E-13
        5.020    7.17457E-13
        5.030    6.89141E-13
        5.040    6.61937E-13
        5.050    6.35804E-13
        5.060    6.10698E-13
        5.070    5.86582E-13
        5.080    5.63413E-13
        5.090    5.41157E-13
        5.100    5.19777E-13
        5.110    4.99239E-13
        5.120    4.79509E-13
        5.130    4.60556E-13
        5.140    4.42351E-13
        5.150    4.24862E-13
        5.160    4.08064E-13
        5.170    3.91926E-13
        5.180    3.76425E-13
        5.190    3.61535E-13
        5.200    3.47232E-13
        5.210    3.33493E-13
        5.220    3.20297E-13
        5.230    3.07620E-13
        5.240    2.95444E-13
        5.250    2.83748E-13
        5.260    2.72514E-13
        5.270    2.61723E-13
        5.280    2.51358E-13
        5.290    2.41403E-13
        5.300    2.31840E-13
        5.310    2.22655E-13
        5.320    2.13833E-13
        5.330    2.05360E-13
        5.340    1.97221E-13
        5.350    1.89404E-13
        5.360    1.81896E-13
        5.370    1.74684E-13
        5.380    1.67758E-13
        5.390    1.61105E-13
        5.400    1.54716E-13
        5.410    1.48579E-13
        5.420    1.42685E-13
        5.430    1.37024E-13
        5.440    1.31587E-13
        5.450    1.26365E-13
        5.460    1.21350E-13
        5.470    1.16533E-13
        5.480    1.11907E-13
        5.490    1.07464E-13
        5.500    1.03197E-13
        5.510    9.90993E-14
        5.520    9.51635E-14
        5.530    9.13838E-14
        5.540    8.77536E-14
        5.550    8.42674E-14
        5.560    8.09191E-14
        5.570    7.77038E-14
        5.580    7.46157E-14
        5.590    7.16501E-14
        5.600    6.88020E-14
        5.610    6.60669E-14
        5.620    6.34402E-14
        5.630    6.09177E-14
        5.640    5.84952E-14
        5.650    5.61688E-14
        5.660    5.39347E-14
        5.670    5.17892E-14
        5.680    4.97289E-14
        5.690    4.77503E-14
        5.700    4.58504E-14
        5.710    4.40257E-14
        5.720    4.22736E-14
        5.730    4.05909E-14
        5.740    3.89752E-14
        5.750    3.74235E-14
        5.760    3.59335E-14
        5.770    3.45027E-14
        5.780    3.31287E-14
        5.790    3.18093E-14
        5.800    3.05423E-14
        5.810    2.93257E-14
        5.820    2.81574E-14
        5.830    2.70356E-14
        5.840    2.59584E-14
        5.850    2.49239E-14
        5.860    2.39306E-14
        5.870    2.29768E-14
        5.880    2.20610E-14
        5.890    2.11815E-14
        5.900    2.03370E-14
        5.910    1.95262E-14
        5.920    1.87476E-14
        5.930    1.80000E-14
        5.940    1.72821E-14
        5.950    1.65928E-14
        5.960    1.59309E-14
        5.970    1.52954E-14
        5.980    1.46851E-14
        5.990    1.40992E-14
        6.000    1.35366E-14
        6.010    1.29964E-14
        6.020    1.24777E-14
        6.030    1.19797E-14
        6.040    1.15015E-14
        6.050    1.10423E-14
        6.060    1.06015E-14
        6.070    1.01782E-14
        6.080    9.77174E-15
        6.090    9.38152E-15
        6.100    9.00683E-15
        6.110    8.64710E-15
        6.120    8.30169E-15
        6.130    7.97007E-15
        6.140    7.65165E-15
        6.150    7.34593E-15
        6.160    7.05241E-15
        6.170    6.77058E-15
        6.180    6.50001E-15
        6.190    6.24022E-15
        6.200    5.99080E-15
        6.210    5.75132E-15
        6.220    5.52141E-15
        6.230    5.30066E-15
        6.240    5.08873E-15
        6.250    4.88525E-15
        6.260    4.68990E-15
        6.270    4.50233E-15
        6.280    4.32227E-15
        6.290    4.14938E-15
        6.300    3.98340E-15
        6.310    3.82404E-15
        6.320    3.67106E-15
        6.330    3.52417E-15
        6.340    3.38316E-15
        6.350    3.24778E-15
        6.360    3.11781E-15
        6.370    2.99302E-15
        6.380    2.87323E-15
        6.390    2.75822E-15
        6.400    2.64780E-15
        6.410    2.54180E-15
        6.420    2.44003E-15
        6.430    2.34233E-15
        6.440    2.24854E-15
        6.450    2.15850E-15
        6.460    2.07205E-15
        6.470    1.98907E-15
        6.480    1.90939E-15
        6.490    1.83291E-15
        6.500    1.75948E-15
        6.510    1.68900E-15
        6.520    1.62132E-15
        6.530    1.55636E-15
        6.540    1.49400E-15
        6.550    1.43413E-15
        6.560    1.37665E-15
        6.570    1.32148E-15
        6.580    1.26851E-15
        6.590    1.21767E-15
        6.600    1.16885E-15
        6.610    1.12199E-15
        6.620    1.07701E-15
        6.630    1.03383E-15
        6.640    9.92374E-16
        6.650    9.52581E-16
        6.660    9.14379E-16
        6.670    8.77707E-16
        6.680    8.42505E-16
        6.690    8.08711E-16
        6.700    7.76272E-16
        6.710    7.45131E-16
        6.720    7.15238E-16
        6.730    6.86542E-16
        6.740    6.58996E-16
        6.750    6.32553E-16
        6.760    6.07170E-16
        6.770    5.82804E-16
        6.780    5.59415E-16
        6.790    5.36962E-16
        6.800    5.15410E-16
        6.810    4.94720E-16
        6.820    4.74861E-16
        6.830    4.55798E-16
        6.840    4.37499E-16
        6.850    4.19933E-16
        6.860    4.03072E-16
        6.870    3.86886E-16
        6.880    3.71350E-16
        6.890    3.56437E-16
        6.900    3.42122E-16
        6.910    3.28380E-16
        6.920    3.15190E-16
        6.930    3.02530E-16
        6.940    2.90376E-16
        6.950    2.78711E-16
        6.960    2.67513E-16
        6.970    2.56765E-16
        6.980    2.46448E-16
        6.990    2.36545E-16
        7.000    2.27040E-16
