          %pt            TT            TS            SS            Tot
        0.050    2.31559E-05    3.73884E-10    2.58345E-09    2.31588E-05
        0.056    2.31532E-05    4.58542E-10    3.06092E-09    2.31567E-05
        0.063    2.31502E-05    5.50304E-10    3.56073E-09    2.31543E-05
        0.069    2.31469E-05    6.49031E-10    4.08154E-09    2.31516E-05
        0.076    2.31433E-05    7.54619E-10    4.62223E-09    2.31487E-05
        0.082    2.31393E-05    8.66994E-10    5.18184E-09    2.31454E-05
        0.089    2.31350E-05    9.86107E-10    5.75957E-09    2.31418E-05
        0.095    2.31304E-05    1.11193E-09    6.35469E-09    2.31379E-05
        0.102    2.31254E-05    1.24445E-09    6.96657E-09    2.31336E-05
        0.108    2.31201E-05    1.38367E-09    7.59467E-09    2.31291E-05
        0.115    2.31145E-05    1.52960E-09    8.23847E-09    2.31243E-05
        0.121    2.31085E-05    1.68229E-09    8.89753E-09    2.31191E-05
        0.127    2.31022E-05    1.84175E-09    9.57145E-09    2.31136E-05
        0.134    2.30956E-05    2.00806E-09    1.02599E-08    2.31079E-05
        0.140    2.30886E-05    2.18125E-09    1.09624E-08    2.31017E-05
        0.147    2.30812E-05    2.36139E-09    1.16788E-08    2.30953E-05
        0.153    2.30735E-05    2.54855E-09    1.24087E-08    2.30885E-05
        0.160    2.30655E-05    2.74280E-09    1.31519E-08    2.30814E-05
        0.166    2.30571E-05    2.94423E-09    1.39081E-08    2.30739E-05
        0.173    2.30483E-05    3.15292E-09    1.46770E-08    2.30662E-05
        0.179    2.30392E-05    3.36895E-09    1.54586E-08    2.30580E-05
        0.185    2.30297E-05    3.59242E-09    1.62525E-08    2.30496E-05
        0.192    2.30199E-05    3.82343E-09    1.70585E-08    2.30408E-05
        0.198    2.30097E-05    4.06206E-09    1.78765E-08    2.30316E-05
        0.205    2.29991E-05    4.30841E-09    1.87062E-08    2.30221E-05
        0.211    2.29881E-05    4.56260E-09    1.95476E-08    2.30122E-05
        0.218    2.29767E-05    4.82471E-09    2.04004E-08    2.30020E-05
        0.224    2.29650E-05    5.09486E-09    2.12644E-08    2.29914E-05
        0.231    2.29529E-05    5.37315E-09    2.21396E-08    2.29804E-05
        0.237    2.29404E-05    5.65968E-09    2.30257E-08    2.29691E-05
        0.244    2.29275E-05    5.95456E-09    2.39226E-08    2.29574E-05
        0.250    2.29142E-05    6.25790E-09    2.48302E-08    2.29453E-05
        0.256    2.29005E-05    6.56981E-09    2.57483E-08    2.29328E-05
        0.263    2.28864E-05    6.89038E-09    2.66768E-08    2.29200E-05
        0.269    2.28719E-05    7.21974E-09    2.76156E-08    2.29067E-05
        0.276    2.28570E-05    7.55797E-09    2.85644E-08    2.28931E-05
        0.282    2.28416E-05    7.90520E-09    2.95233E-08    2.28790E-05
        0.289    2.28259E-05    8.26152E-09    3.04920E-08    2.28646E-05
        0.295    2.28097E-05    8.62703E-09    3.14704E-08    2.28498E-05
        0.302    2.27931E-05    9.00185E-09    3.24584E-08    2.28345E-05
        0.308    2.27760E-05    9.38607E-09    3.34559E-08    2.28189E-05
        0.314    2.27585E-05    9.77979E-09    3.44628E-08    2.28028E-05
        0.321    2.27406E-05    1.01831E-08    3.54788E-08    2.27863E-05
        0.327    2.27223E-05    1.05961E-08    3.65040E-08    2.27694E-05
        0.334    2.27035E-05    1.10190E-08    3.75382E-08    2.27520E-05
        0.340    2.26842E-05    1.14517E-08    3.85813E-08    2.27342E-05
        0.347    2.26645E-05    1.18944E-08    3.96330E-08    2.27160E-05
        0.353    2.26443E-05    1.23471E-08    4.06935E-08    2.26973E-05
        0.360    2.26237E-05    1.28101E-08    4.17624E-08    2.26782E-05
        0.366    2.26026E-05    1.32832E-08    4.28397E-08    2.26587E-05
        0.373    2.25810E-05    1.37668E-08    4.39253E-08    2.26387E-05
        0.379    2.25589E-05    1.42607E-08    4.50191E-08    2.26182E-05
        0.385    2.25364E-05    1.47651E-08    4.61209E-08    2.25973E-05
        0.392    2.25133E-05    1.52801E-08    4.72306E-08    2.25759E-05
        0.398    2.24898E-05    1.58058E-08    4.83481E-08    2.25540E-05
        0.405    2.24658E-05    1.63422E-08    4.94733E-08    2.25316E-05
        0.411    2.24413E-05    1.68894E-08    5.06061E-08    2.25088E-05
        0.418    2.24163E-05    1.74474E-08    5.17463E-08    2.24855E-05
        0.424    2.23908E-05    1.80164E-08    5.28939E-08    2.24617E-05
        0.431    2.23648E-05    1.85964E-08    5.40487E-08    2.24374E-05
        0.437    2.23382E-05    1.91874E-08    5.52106E-08    2.24126E-05
        0.443    2.23112E-05    1.97896E-08    5.63795E-08    2.23874E-05
        0.450    2.22836E-05    2.04029E-08    5.75553E-08    2.23616E-05
        0.456    2.22555E-05    2.10274E-08    5.87378E-08    2.23353E-05
        0.463    2.22269E-05    2.16633E-08    5.99270E-08    2.23085E-05
        0.469    2.21977E-05    2.23104E-08    6.11228E-08    2.22812E-05
        0.476    2.21680E-05    2.29689E-08    6.23249E-08    2.22533E-05
        0.482    2.21378E-05    2.36388E-08    6.35334E-08    2.22250E-05
        0.489    2.21070E-05    2.43202E-08    6.47480E-08    2.21961E-05
        0.495    2.20757E-05    2.50130E-08    6.59687E-08    2.21667E-05
        0.502    2.20438E-05    2.57174E-08    6.71954E-08    2.21367E-05
        0.508    2.20114E-05    2.64333E-08    6.84279E-08    2.21062E-05
        0.514    2.19784E-05    2.71608E-08    6.96662E-08    2.20752E-05
        0.521    2.19449E-05    2.78999E-08    7.09101E-08    2.20437E-05
        0.527    2.19107E-05    2.86506E-08    7.21595E-08    2.20116E-05
        0.534    2.18761E-05    2.94130E-08    7.34143E-08    2.19789E-05
        0.540    2.18408E-05    3.01870E-08    7.46743E-08    2.19457E-05
        0.547    2.18050E-05    3.09727E-08    7.59396E-08    2.19119E-05
        0.553    2.17686E-05    3.17701E-08    7.72099E-08    2.18776E-05
        0.560    2.17317E-05    3.25792E-08    7.84852E-08    2.18427E-05
        0.566    2.16941E-05    3.34000E-08    7.97653E-08    2.18073E-05
        0.572    2.16560E-05    3.42324E-08    8.10502E-08    2.17713E-05
        0.579    2.16173E-05    3.50766E-08    8.23397E-08    2.17347E-05
        0.585    2.15780E-05    3.59325E-08    8.36337E-08    2.16976E-05
        0.592    2.15381E-05    3.68001E-08    8.49321E-08    2.16598E-05
        0.598    2.14976E-05    3.76794E-08    8.62348E-08    2.16216E-05
        0.605    2.14566E-05    3.85703E-08    8.75417E-08    2.15827E-05
        0.611    2.14149E-05    3.94729E-08    8.88527E-08    2.15432E-05
        0.618    2.13727E-05    4.03872E-08    9.01677E-08    2.15032E-05
        0.624    2.13298E-05    4.13130E-08    9.14866E-08    2.14626E-05
        0.631    2.12864E-05    4.22505E-08    9.28093E-08    2.14214E-05
        0.637    2.12423E-05    4.31996E-08    9.41356E-08    2.13796E-05
        0.643    2.11976E-05    4.41602E-08    9.54655E-08    2.13373E-05
        0.650    2.11524E-05    4.51324E-08    9.67989E-08    2.12943E-05
        0.656    2.11065E-05    4.61160E-08    9.81356E-08    2.12508E-05
        0.663    2.10601E-05    4.71111E-08    9.94757E-08    2.12067E-05
        0.669    2.10130E-05    4.81176E-08    1.00819E-07    2.11619E-05
        0.676    2.09653E-05    4.91355E-08    1.02165E-07    2.11166E-05
        0.682    2.09170E-05    5.01648E-08    1.03514E-07    2.10707E-05
        0.689    2.08682E-05    5.12053E-08    1.04867E-07    2.10242E-05
        0.695    2.08187E-05    5.22571E-08    1.06221E-07    2.09771E-05
        0.701    2.07686E-05    5.33201E-08    1.07579E-07    2.09295E-05
        0.708    2.07179E-05    5.43942E-08    1.08939E-07    2.08812E-05
        0.714    2.06666E-05    5.54795E-08    1.10302E-07    2.08323E-05
        0.721    2.06146E-05    5.65757E-08    1.11667E-07    2.07829E-05
        0.727    2.05621E-05    5.76830E-08    1.13035E-07    2.07328E-05
        0.734    2.05090E-05    5.88012E-08    1.14405E-07    2.06822E-05
        0.740    2.04553E-05    5.99303E-08    1.15777E-07    2.06310E-05
        0.747    2.04009E-05    6.10701E-08    1.17151E-07    2.05792E-05
        0.753    2.03460E-05    6.22207E-08    1.18527E-07    2.05267E-05
        0.760    2.02905E-05    6.33819E-08    1.19904E-07    2.04738E-05
        0.766    2.02343E-05    6.45538E-08    1.21284E-07    2.04202E-05
        0.772    2.01776E-05    6.57361E-08    1.22666E-07    2.03660E-05
        0.779    2.01203E-05    6.69289E-08    1.24049E-07    2.03113E-05
        0.785    2.00624E-05    6.81321E-08    1.25434E-07    2.02559E-05
        0.792    2.00039E-05    6.93456E-08    1.26820E-07    2.02000E-05
        0.798    1.99448E-05    7.05693E-08    1.28208E-07    2.01436E-05
        0.805    1.98851E-05    7.18031E-08    1.29597E-07    2.00865E-05
        0.811    1.98248E-05    7.30470E-08    1.30987E-07    2.00289E-05
        0.818    1.97640E-05    7.43008E-08    1.32379E-07    1.99707E-05
        0.824    1.97025E-05    7.55645E-08    1.33771E-07    1.99119E-05
        0.830    1.96405E-05    7.68380E-08    1.35165E-07    1.98525E-05
        0.837    1.95780E-05    7.81213E-08    1.36560E-07    1.97926E-05
        0.843    1.95148E-05    7.94141E-08    1.37956E-07    1.97322E-05
        0.850    1.94511E-05    8.07164E-08    1.39353E-07    1.96712E-05
        0.856    1.93868E-05    8.20282E-08    1.40750E-07    1.96096E-05
        0.863    1.93220E-05    8.33493E-08    1.42149E-07    1.95475E-05
        0.869    1.92566E-05    8.46796E-08    1.43548E-07    1.94848E-05
        0.876    1.91906E-05    8.60190E-08    1.44947E-07    1.94216E-05
        0.882    1.91241E-05    8.73675E-08    1.46348E-07    1.93578E-05
        0.889    1.90571E-05    8.87249E-08    1.47749E-07    1.92936E-05
        0.895    1.89895E-05    9.00912E-08    1.49150E-07    1.92287E-05
        0.901    1.89214E-05    9.14662E-08    1.50552E-07    1.91634E-05
        0.908    1.88527E-05    9.28498E-08    1.51954E-07    1.90975E-05
        0.914    1.87835E-05    9.42419E-08    1.53357E-07    1.90311E-05
        0.921    1.87138E-05    9.56424E-08    1.54760E-07    1.89642E-05
        0.927    1.86436E-05    9.70512E-08    1.56163E-07    1.88968E-05
        0.934    1.85729E-05    9.84682E-08    1.57566E-07    1.88289E-05
        0.940    1.85017E-05    9.98933E-08    1.58970E-07    1.87605E-05
        0.947    1.84299E-05    1.01326E-07    1.60374E-07    1.86916E-05
        0.953    1.83577E-05    1.02767E-07    1.61778E-07    1.86222E-05
        0.959    1.82849E-05    1.04216E-07    1.63182E-07    1.85523E-05
        0.966    1.82117E-05    1.05672E-07    1.64586E-07    1.84820E-05
        0.972    1.81380E-05    1.07136E-07    1.65990E-07    1.84112E-05
        0.979    1.80639E-05    1.08607E-07    1.67394E-07    1.83399E-05
        0.985    1.79892E-05    1.10086E-07    1.68797E-07    1.82681E-05
        0.992    1.79141E-05    1.11572E-07    1.70201E-07    1.81959E-05
        0.998    1.78386E-05    1.13064E-07    1.71605E-07    1.81233E-05
        1.005    1.77626E-05    1.14564E-07    1.73009E-07    1.80502E-05
        1.011    1.76861E-05    1.16071E-07    1.74412E-07    1.79766E-05
        1.018    1.76093E-05    1.17584E-07    1.75816E-07    1.79027E-05
        1.024    1.75320E-05    1.19104E-07    1.77219E-07    1.78283E-05
        1.030    1.74542E-05    1.20630E-07    1.78622E-07    1.77535E-05
        1.037    1.73761E-05    1.22162E-07    1.80024E-07    1.76783E-05
        1.043    1.72975E-05    1.23701E-07    1.81427E-07    1.76026E-05
        1.050    1.72186E-05    1.25246E-07    1.82829E-07    1.75266E-05
        1.056    1.71392E-05    1.26797E-07    1.84231E-07    1.74502E-05
        1.063    1.70594E-05    1.28354E-07    1.85633E-07    1.73734E-05
        1.069    1.69793E-05    1.29916E-07    1.87034E-07    1.72963E-05
        1.076    1.68988E-05    1.31484E-07    1.88435E-07    1.72187E-05
        1.082    1.68180E-05    1.33057E-07    1.89836E-07    1.71408E-05
        1.088    1.67367E-05    1.34636E-07    1.91237E-07    1.70626E-05
        1.095    1.66551E-05    1.36220E-07    1.92637E-07    1.69840E-05
        1.101    1.65732E-05    1.37810E-07    1.94037E-07    1.69051E-05
        1.108    1.64910E-05    1.39404E-07    1.95437E-07    1.68258E-05
        1.114    1.64084E-05    1.41003E-07    1.96836E-07    1.67462E-05
        1.121    1.63255E-05    1.42606E-07    1.98235E-07    1.66663E-05
        1.127    1.62423E-05    1.44215E-07    1.99634E-07    1.65861E-05
        1.134    1.61587E-05    1.45827E-07    2.01033E-07    1.65056E-05
        1.140    1.60749E-05    1.47444E-07    2.02431E-07    1.64248E-05
        1.147    1.59908E-05    1.49066E-07    2.03829E-07    1.63437E-05
        1.153    1.59064E-05    1.50691E-07    2.05227E-07    1.62623E-05
        1.159    1.58217E-05    1.52321E-07    2.06625E-07    1.61807E-05
        1.166    1.57368E-05    1.53954E-07    2.08022E-07    1.60988E-05
        1.172    1.56516E-05    1.55591E-07    2.09419E-07    1.60166E-05
        1.179    1.55662E-05    1.57231E-07    2.10816E-07    1.59342E-05
        1.185    1.54805E-05    1.58875E-07    2.12213E-07    1.58516E-05
        1.192    1.53946E-05    1.60522E-07    2.13610E-07    1.57687E-05
        1.198    1.53085E-05    1.62173E-07    2.15006E-07    1.56857E-05
        1.205    1.52221E-05    1.63826E-07    2.16402E-07    1.56024E-05
        1.211    1.51356E-05    1.65483E-07    2.17799E-07    1.55189E-05
        1.217    1.50489E-05    1.67142E-07    2.19195E-07    1.54352E-05
        1.224    1.49619E-05    1.68804E-07    2.20591E-07    1.53513E-05
        1.230    1.48748E-05    1.70469E-07    2.21987E-07    1.52673E-05
        1.237    1.47875E-05    1.72136E-07    2.23383E-07    1.51830E-05
        1.243    1.47001E-05    1.73805E-07    2.24779E-07    1.50987E-05
        1.250    1.46125E-05    1.75477E-07    2.26175E-07    1.50141E-05
        1.256    1.45247E-05    1.77150E-07    2.27571E-07    1.49294E-05
        1.263    1.44368E-05    1.78826E-07    2.28967E-07    1.48446E-05
        1.269    1.43488E-05    1.80503E-07    2.30363E-07    1.47597E-05
        1.276    1.42607E-05    1.82182E-07    2.31760E-07    1.46746E-05
        1.282    1.41724E-05    1.83862E-07    2.33156E-07    1.45894E-05
        1.288    1.40840E-05    1.85544E-07    2.34553E-07    1.45041E-05
        1.295    1.39956E-05    1.87227E-07    2.35950E-07    1.44188E-05
        1.301    1.39070E-05    1.88912E-07    2.37347E-07    1.43333E-05
        1.308    1.38184E-05    1.90597E-07    2.38744E-07    1.42478E-05
        1.314    1.37297E-05    1.92284E-07    2.40142E-07    1.41622E-05
        1.321    1.36410E-05    1.93971E-07    2.41540E-07    1.40765E-05
        1.327    1.35522E-05    1.95659E-07    2.42938E-07    1.39908E-05
        1.334    1.34633E-05    1.97347E-07    2.44337E-07    1.39050E-05
        1.340    1.33745E-05    1.99036E-07    2.45736E-07    1.38192E-05
        1.346    1.32855E-05    2.00725E-07    2.47135E-07    1.37334E-05
        1.353    1.31966E-05    2.02414E-07    2.48535E-07    1.36476E-05
        1.359    1.31077E-05    2.04103E-07    2.49935E-07    1.35617E-05
        1.366    1.30187E-05    2.05792E-07    2.51336E-07    1.34758E-05
        1.372    1.29298E-05    2.07481E-07    2.52737E-07    1.33900E-05
        1.379    1.28409E-05    2.09170E-07    2.54139E-07    1.33042E-05
        1.385    1.27520E-05    2.10858E-07    2.55542E-07    1.32184E-05
        1.392    1.26631E-05    2.12546E-07    2.56945E-07    1.31326E-05
        1.398    1.25742E-05    2.14233E-07    2.58348E-07    1.30468E-05
        1.405    1.24854E-05    2.15919E-07    2.59752E-07    1.29611E-05
        1.411    1.23967E-05    2.17604E-07    2.61157E-07    1.28755E-05
        1.417    1.23080E-05    2.19289E-07    2.62563E-07    1.27899E-05
        1.424    1.22194E-05    2.20971E-07    2.63969E-07    1.27044E-05
        1.430    1.21309E-05    2.22653E-07    2.65376E-07    1.26189E-05
        1.437    1.20425E-05    2.24333E-07    2.66783E-07    1.25336E-05
        1.443    1.19541E-05    2.26012E-07    2.68192E-07    1.24483E-05
        1.450    1.18659E-05    2.27689E-07    2.69601E-07    1.23632E-05
        1.456    1.17777E-05    2.29364E-07    2.71010E-07    1.22781E-05
        1.463    1.16897E-05    2.31038E-07    2.72421E-07    1.21932E-05
        1.469    1.16018E-05    2.32709E-07    2.73832E-07    1.21084E-05
        1.475    1.15141E-05    2.34378E-07    2.75244E-07    1.20237E-05
        1.482    1.14264E-05    2.36045E-07    2.76657E-07    1.19391E-05
        1.488    1.13389E-05    2.37710E-07    2.78070E-07    1.18547E-05
        1.495    1.12516E-05    2.39372E-07    2.79484E-07    1.17705E-05
        1.501    1.11645E-05    2.41031E-07    2.80899E-07    1.16864E-05
        1.508    1.10775E-05    2.42688E-07    2.82315E-07    1.16025E-05
        1.514    1.09906E-05    2.44342E-07    2.83731E-07    1.15187E-05
        1.521    1.09040E-05    2.45993E-07    2.85148E-07    1.14351E-05
        1.527    1.08175E-05    2.47641E-07    2.86566E-07    1.13517E-05
        1.534    1.07313E-05    2.49285E-07    2.87985E-07    1.12685E-05
        1.540    1.06452E-05    2.50927E-07    2.89404E-07    1.11855E-05
        1.546    1.05594E-05    2.52565E-07    2.90824E-07    1.11028E-05
        1.553    1.04737E-05    2.54199E-07    2.92244E-07    1.10202E-05
        1.559    1.03883E-05    2.55830E-07    2.93665E-07    1.09378E-05
        1.566    1.03031E-05    2.57457E-07    2.95086E-07    1.08557E-05
        1.572    1.02182E-05    2.59080E-07    2.96508E-07    1.07738E-05
        1.579    1.01335E-05    2.60699E-07    2.97930E-07    1.06921E-05
        1.585    1.00490E-05    2.62313E-07    2.99353E-07    1.06107E-05
        1.592    9.96479E-06    2.63924E-07    3.00776E-07    1.05295E-05
        1.598    9.88084E-06    2.65530E-07    3.02200E-07    1.04486E-05
        1.604    9.79715E-06    2.67132E-07    3.03623E-07    1.03679E-05
        1.611    9.71373E-06    2.68730E-07    3.05047E-07    1.02875E-05
        1.617    9.63059E-06    2.70322E-07    3.06471E-07    1.02074E-05
        1.624    9.54773E-06    2.71910E-07    3.07895E-07    1.01275E-05
        1.630    9.46516E-06    2.73493E-07    3.09319E-07    1.00480E-05
        1.637    9.38288E-06    2.75071E-07    3.10743E-07    9.96869E-06
        1.643    9.30089E-06    2.76643E-07    3.12167E-07    9.88970E-06
        1.650    9.21921E-06    2.78211E-07    3.13590E-07    9.81102E-06
        1.656    9.13784E-06    2.79773E-07    3.15013E-07    9.73263E-06
        1.663    9.05679E-06    2.81330E-07    3.16435E-07    9.65455E-06
        1.669    8.97605E-06    2.82881E-07    3.17857E-07    9.57678E-06
        1.675    8.89563E-06    2.84426E-07    3.19278E-07    9.49933E-06
        1.682    8.81554E-06    2.85966E-07    3.20699E-07    9.42221E-06
        1.688    8.73579E-06    2.87500E-07    3.22118E-07    9.34540E-06
        1.695    8.65637E-06    2.89028E-07    3.23536E-07    9.26893E-06
        1.701    8.57729E-06    2.90549E-07    3.24953E-07    9.19280E-06
        1.708    8.49856E-06    2.92065E-07    3.26369E-07    9.11700E-06
        1.714    8.42018E-06    2.93574E-07    3.27783E-07    9.04154E-06
        1.721    8.34216E-06    2.95077E-07    3.29196E-07    8.96643E-06
        1.727    8.26449E-06    2.96573E-07    3.30607E-07    8.89167E-06
        1.733    8.18719E-06    2.98062E-07    3.32015E-07    8.81727E-06
        1.740    8.11025E-06    2.99545E-07    3.33422E-07    8.74322E-06
        1.746    8.03369E-06    3.01021E-07    3.34826E-07    8.66954E-06
        1.753    7.95750E-06    3.02490E-07    3.36228E-07    8.59622E-06
        1.759    7.88169E-06    3.03952E-07    3.37627E-07    8.52326E-06
        1.766    7.80625E-06    3.05407E-07    3.39023E-07    8.45068E-06
        1.772    7.73121E-06    3.06854E-07    3.40416E-07    8.37848E-06
        1.779    7.65655E-06    3.08294E-07    3.41805E-07    8.30665E-06
        1.785    7.58228E-06    3.09727E-07    3.43191E-07    8.23520E-06
        1.792    7.50841E-06    3.11152E-07    3.44574E-07    8.16414E-06
        1.798    7.43494E-06    3.12570E-07    3.45952E-07    8.09346E-06
        1.804    7.36187E-06    3.13979E-07    3.47326E-07    8.02317E-06
        1.811    7.28920E-06    3.15381E-07    3.48695E-07    7.95328E-06
        1.817    7.21694E-06    3.16775E-07    3.50059E-07    7.88377E-06
        1.824    7.14509E-06    3.18160E-07    3.51419E-07    7.81467E-06
        1.830    7.07365E-06    3.19538E-07    3.52773E-07    7.74596E-06
        1.837    7.00262E-06    3.20907E-07    3.54121E-07    7.67765E-06
        1.843    6.93201E-06    3.22268E-07    3.55464E-07    7.60974E-06
        1.850    6.86182E-06    3.23620E-07    3.56800E-07    7.54224E-06
        1.856    6.79205E-06    3.24964E-07    3.58130E-07    7.47515E-06
        1.862    6.72271E-06    3.26300E-07    3.59452E-07    7.40846E-06
        1.869    6.65379E-06    3.27626E-07    3.60768E-07    7.34218E-06
        1.875    6.58530E-06    3.28943E-07    3.62076E-07    7.27632E-06
        1.882    6.51724E-06    3.30252E-07    3.63376E-07    7.21087E-06
        1.888    6.44961E-06    3.31552E-07    3.64668E-07    7.14583E-06
        1.895    6.38241E-06    3.32842E-07    3.65951E-07    7.08121E-06
        1.901    6.31565E-06    3.34123E-07    3.67225E-07    7.01700E-06
        1.908    6.24933E-06    3.35395E-07    3.68490E-07    6.95321E-06
        1.914    6.18344E-06    3.36657E-07    3.69745E-07    6.88984E-06
        1.921    6.11799E-06    3.37910E-07    3.70990E-07    6.82689E-06
        1.927    6.05298E-06    3.39154E-07    3.72224E-07    6.76436E-06
        1.933    5.98842E-06    3.40387E-07    3.73447E-07    6.70225E-06
        1.940    5.92429E-06    3.41611E-07    3.74659E-07    6.64056E-06
        1.946    5.86061E-06    3.42825E-07    3.75859E-07    6.57930E-06
        1.953    5.79738E-06    3.44029E-07    3.77046E-07    6.51845E-06
        1.959    5.73459E-06    3.45223E-07    3.78221E-07    6.45803E-06
        1.966    5.67225E-06    3.46407E-07    3.79383E-07    6.39804E-06
        1.972    5.61035E-06    3.47580E-07    3.80530E-07    6.33846E-06
        1.979    5.54890E-06    3.48743E-07    3.81664E-07    6.27931E-06
        1.985    5.48791E-06    3.49896E-07    3.82782E-07    6.22059E-06
        1.991    5.42736E-06    3.51039E-07    3.83886E-07    6.16228E-06
        1.998    5.36726E-06    3.52170E-07    3.84974E-07    6.10440E-06
        2.004    5.30761E-06    3.53292E-07    3.86045E-07    6.04694E-06
        2.011    5.24841E-06    3.54402E-07    3.87100E-07    5.98991E-06
        2.017    5.18966E-06    3.55501E-07    3.88137E-07    5.93330E-06
        2.024    5.13136E-06    3.56590E-07    3.89157E-07    5.87711E-06
        2.030    5.07351E-06    3.57668E-07    3.90158E-07    5.82134E-06
        2.037    5.01611E-06    3.58734E-07    3.91140E-07    5.76599E-06
        2.043    4.95917E-06    3.59790E-07    3.92102E-07    5.71106E-06
        2.050    4.90267E-06    3.60834E-07    3.93045E-07    5.65655E-06
        2.056    4.84662E-06    3.61867E-07    3.93966E-07    5.60246E-06
        2.062    4.79103E-06    3.62889E-07    3.94866E-07    5.54878E-06
        2.069    4.73588E-06    3.63899E-07    3.95745E-07    5.49552E-06
        2.075    4.68118E-06    3.64897E-07    3.96600E-07    5.44268E-06
        2.082    4.62693E-06    3.65884E-07    3.97433E-07    5.39025E-06
        2.088    4.57313E-06    3.66859E-07    3.98241E-07    5.33823E-06
        2.095    4.51978E-06    3.67823E-07    3.99026E-07    5.28663E-06
        2.101    4.46687E-06    3.68775E-07    3.99785E-07    5.23543E-06
        2.108    4.41441E-06    3.69714E-07    4.00518E-07    5.18464E-06
        2.114    4.36240E-06    3.70642E-07    4.01225E-07    5.13426E-06
        2.120    4.31083E-06    3.71558E-07    4.01905E-07    5.08429E-06
        2.127    4.25970E-06    3.72462E-07    4.02557E-07    5.03472E-06
        2.133    4.20902E-06    3.73353E-07    4.03181E-07    4.98555E-06
        2.140    4.15878E-06    3.74233E-07    4.03776E-07    4.93679E-06
        2.146    4.10898E-06    3.75100E-07    4.04341E-07    4.88842E-06
        2.153    4.05962E-06    3.75954E-07    4.04875E-07    4.84045E-06
        2.159    4.01070E-06    3.76796E-07    4.05379E-07    4.79287E-06
        2.166    3.96221E-06    3.77626E-07    4.05851E-07    4.74569E-06
        2.172    3.91416E-06    3.78443E-07    4.06290E-07    4.69890E-06
        2.179    3.86655E-06    3.79247E-07    4.06696E-07    4.65250E-06
        2.185    3.81937E-06    3.80039E-07    4.07069E-07    4.60648E-06
        2.191    3.77263E-06    3.80818E-07    4.07406E-07    4.56085E-06
        2.198    3.72631E-06    3.81584E-07    4.07709E-07    4.51561E-06
        2.204    3.68043E-06    3.82338E-07    4.07976E-07    4.47074E-06
        2.211    3.63497E-06    3.83078E-07    4.08206E-07    4.42625E-06
        2.217    3.58994E-06    3.83806E-07    4.08398E-07    4.38214E-06
        2.224    3.54533E-06    3.84520E-07    4.08553E-07    4.33841E-06
        2.230    3.50115E-06    3.85221E-07    4.08669E-07    4.29504E-06
        2.237    3.45739E-06    3.85909E-07    4.08746E-07    4.25204E-06
        2.243    3.41405E-06    3.86584E-07    4.08783E-07    4.20941E-06
        2.249    3.37112E-06    3.87246E-07    4.08779E-07    4.16715E-06
        2.256    3.32862E-06    3.87895E-07    4.08734E-07    4.12524E-06
        2.262    3.28652E-06    3.88530E-07    4.08646E-07    4.08370E-06
        2.269    3.24484E-06    3.89151E-07    4.08516E-07    4.04251E-06
        2.275    3.20357E-06    3.89760E-07    4.08343E-07    4.00168E-06
        2.282    3.16271E-06    3.90355E-07    4.08126E-07    3.96120E-06
        2.288    3.12226E-06    3.90936E-07    4.07864E-07    3.92106E-06
        2.295    3.08221E-06    3.91504E-07    4.07558E-07    3.88127E-06
        2.301    3.04257E-06    3.92058E-07    4.07205E-07    3.84183E-06
        2.308    3.00332E-06    3.92598E-07    4.06806E-07    3.80273E-06
        2.314    2.96448E-06    3.93125E-07    4.06360E-07    3.76396E-06
        2.320    2.92603E-06    3.93638E-07    4.05867E-07    3.72554E-06
        2.327    2.88798E-06    3.94138E-07    4.05326E-07    3.68744E-06
        2.333    2.85032E-06    3.94623E-07    4.04736E-07    3.64968E-06
        2.340    2.81305E-06    3.95095E-07    4.04097E-07    3.61224E-06
        2.346    2.77616E-06    3.95553E-07    4.03409E-07    3.57512E-06
        2.353    2.73967E-06    3.95997E-07    4.02671E-07    3.53833E-06
        2.359    2.70355E-06    3.96427E-07    4.01882E-07    3.50186E-06
        2.366    2.66782E-06    3.96843E-07    4.01043E-07    3.46571E-06
        2.372    2.63247E-06    3.97245E-07    4.00152E-07    3.42987E-06
        2.378    2.59749E-06    3.97633E-07    3.99209E-07    3.39434E-06
        2.385    2.56289E-06    3.98007E-07    3.98215E-07    3.35912E-06
        2.391    2.52867E-06    3.98367E-07    3.97168E-07    3.32420E-06
        2.398    2.49481E-06    3.98713E-07    3.96069E-07    3.28959E-06
        2.404    2.46132E-06    3.99045E-07    3.94917E-07    3.25528E-06
        2.411    2.42819E-06    3.99362E-07    3.93712E-07    3.22126E-06
        2.417    2.39543E-06    3.99666E-07    3.92453E-07    3.18755E-06
        2.424    2.36302E-06    3.99955E-07    3.91141E-07    3.15412E-06
        2.430    2.33098E-06    4.00230E-07    3.89776E-07    3.12099E-06
        2.437    2.29929E-06    4.00491E-07    3.88356E-07    3.08814E-06
        2.443    2.26795E-06    4.00738E-07    3.86883E-07    3.05557E-06
        2.449    2.23697E-06    4.00971E-07    3.85356E-07    3.02329E-06
        2.456    2.20633E-06    4.01189E-07    3.83776E-07    2.99129E-06
        2.462    2.17604E-06    4.01393E-07    3.82141E-07    2.95957E-06
        2.469    2.14609E-06    4.01583E-07    3.80453E-07    2.92812E-06
        2.475    2.11648E-06    4.01758E-07    3.78712E-07    2.89695E-06
        2.482    2.08721E-06    4.01919E-07    3.76917E-07    2.86605E-06
        2.488    2.05827E-06    4.02066E-07    3.75069E-07    2.83541E-06
        2.495    2.02967E-06    4.02199E-07    3.73168E-07    2.80504E-06
        2.501    2.00140E-06    4.02317E-07    3.71214E-07    2.77493E-06
        2.507    1.97346E-06    4.02421E-07    3.69209E-07    2.74509E-06
        2.514    1.94584E-06    4.02511E-07    3.67152E-07    2.71550E-06
        2.520    1.91854E-06    4.02587E-07    3.65043E-07    2.68617E-06
        2.527    1.89157E-06    4.02648E-07    3.62884E-07    2.65710E-06
        2.533    1.86491E-06    4.02695E-07    3.60675E-07    2.62828E-06
        2.540    1.83857E-06    4.02728E-07    3.58417E-07    2.59971E-06
        2.546    1.81254E-06    4.02746E-07    3.56110E-07    2.57139E-06
        2.553    1.78682E-06    4.02750E-07    3.53755E-07    2.54332E-06
        2.559    1.76141E-06    4.02740E-07    3.51353E-07    2.51550E-06
        2.566    1.73630E-06    4.02716E-07    3.48905E-07    2.48792E-06
        2.572    1.71149E-06    4.02677E-07    3.46412E-07    2.46058E-06
        2.578    1.68699E-06    4.02625E-07    3.43875E-07    2.43349E-06
        2.585    1.66278E-06    4.02558E-07    3.41295E-07    2.40663E-06
        2.591    1.63887E-06    4.02476E-07    3.38674E-07    2.38002E-06
        2.598    1.61525E-06    4.02381E-07    3.36014E-07    2.35364E-06
        2.604    1.59191E-06    4.02272E-07    3.33314E-07    2.32750E-06
        2.611    1.56887E-06    4.02148E-07    3.30578E-07    2.30160E-06
        2.617    1.54611E-06    4.02010E-07    3.27806E-07    2.27593E-06
        2.624    1.52363E-06    4.01858E-07    3.25001E-07    2.25049E-06
        2.630    1.50143E-06    4.01693E-07    3.22165E-07    2.22529E-06
        2.636    1.47951E-06    4.01513E-07    3.19299E-07    2.20032E-06
        2.643    1.45786E-06    4.01319E-07    3.16406E-07    2.17559E-06
        2.649    1.43648E-06    4.01111E-07    3.13489E-07    2.15108E-06
        2.656    1.41538E-06    4.00889E-07    3.10549E-07    2.12681E-06
        2.662    1.39454E-06    4.00653E-07    3.07589E-07    2.10278E-06
        2.669    1.37396E-06    4.00404E-07    3.04613E-07    2.07898E-06
        2.675    1.35364E-06    4.00140E-07    3.01623E-07    2.05541E-06
        2.682    1.33359E-06    3.99863E-07    2.98623E-07    2.03207E-06
        2.688    1.31379E-06    3.99572E-07    2.95616E-07    2.00898E-06
        2.695    1.29424E-06    3.99267E-07    2.92605E-07    1.98612E-06
        2.701    1.27495E-06    3.98948E-07    2.89579E-07    1.96348E-06
        2.707    1.25591E-06    3.98616E-07    2.86492E-07    1.94101E-06
        2.714    1.23711E-06    3.98270E-07    2.83441E-07    1.91882E-06
        2.720    1.21856E-06    3.97911E-07    2.80425E-07    1.89689E-06
        2.727    1.20024E-06    3.97538E-07    2.77444E-07    1.87523E-06
        2.733    1.18217E-06    3.97151E-07    2.74497E-07    1.85382E-06
        2.740    1.16434E-06    3.96751E-07    2.71584E-07    1.83267E-06
        2.746    1.14674E-06    3.96338E-07    2.68705E-07    1.81178E-06
        2.753    1.12937E-06    3.95911E-07    2.65858E-07    1.79114E-06
        2.759    1.11223E-06    3.95471E-07    2.63045E-07    1.77075E-06
        2.765    1.09532E-06    3.95018E-07    2.60263E-07    1.75060E-06
        2.772    1.07863E-06    3.94551E-07    2.57514E-07    1.73070E-06
        2.778    1.06217E-06    3.94071E-07    2.54795E-07    1.71104E-06
        2.785    1.04593E-06    3.93579E-07    2.52108E-07    1.69162E-06
        2.791    1.02991E-06    3.93073E-07    2.49452E-07    1.67243E-06
        2.798    1.01410E-06    3.92554E-07    2.46826E-07    1.65348E-06
        2.804    9.98501E-07    3.92022E-07    2.44230E-07    1.63475E-06
        2.811    9.83117E-07    3.91478E-07    2.41664E-07    1.61626E-06
        2.817    9.67942E-07    3.90920E-07    2.39127E-07    1.59799E-06
        2.824    9.52973E-07    3.90350E-07    2.36619E-07    1.57994E-06
        2.830    9.38209E-07    3.89767E-07    2.34139E-07    1.56212E-06
        2.836    9.23647E-07    3.89172E-07    2.31688E-07    1.54451E-06
        2.843    9.09284E-07    3.88564E-07    2.29264E-07    1.52711E-06
        2.849    8.95120E-07    3.87943E-07    2.26868E-07    1.50993E-06
        2.856    8.81150E-07    3.87310E-07    2.24499E-07    1.49296E-06
        2.862    8.67375E-07    3.86665E-07    2.22157E-07    1.47620E-06
        2.869    8.53790E-07    3.86007E-07    2.19841E-07    1.45964E-06
        2.875    8.40394E-07    3.85337E-07    2.17552E-07    1.44328E-06
        2.882    8.27185E-07    3.84655E-07    2.15289E-07    1.42713E-06
        2.888    8.14160E-07    3.83961E-07    2.13051E-07    1.41117E-06
        2.894    8.01319E-07    3.83255E-07    2.10838E-07    1.39541E-06
        2.901    7.88657E-07    3.82537E-07    2.08650E-07    1.37984E-06
        2.907    7.76174E-07    3.81807E-07    2.06487E-07    1.36447E-06
        2.914    7.63868E-07    3.81066E-07    2.04348E-07    1.34928E-06
        2.920    7.51736E-07    3.80312E-07    2.02234E-07    1.33428E-06
        2.927    7.39775E-07    3.79547E-07    2.00143E-07    1.31947E-06
        2.933    7.27986E-07    3.78771E-07    1.98075E-07    1.30483E-06
        2.940    7.16364E-07    3.77983E-07    1.96031E-07    1.29038E-06
        2.946    7.04908E-07    3.77184E-07    1.94010E-07    1.27610E-06
        2.953    6.93617E-07    3.76373E-07    1.92011E-07    1.26200E-06
        2.959    6.82488E-07    3.75551E-07    1.90035E-07    1.24807E-06
        2.965    6.71519E-07    3.74718E-07    1.88081E-07    1.23432E-06
        2.972    6.60709E-07    3.73874E-07    1.86148E-07    1.22073E-06
        2.978    6.50055E-07    3.73019E-07    1.84237E-07    1.20731E-06
        2.985    6.39556E-07    3.72153E-07    1.82348E-07    1.19406E-06
        2.991    6.29209E-07    3.71277E-07    1.80480E-07    1.18097E-06
        2.998    6.19013E-07    3.70390E-07    1.78632E-07    1.16803E-06
        3.004    6.08967E-07    3.69492E-07    1.76805E-07    1.15526E-06
        3.011    5.99067E-07    3.68583E-07    1.74998E-07    1.14265E-06
        3.017    5.89312E-07    3.67664E-07    1.73211E-07    1.13019E-06
        3.023    5.79701E-07    3.66735E-07    1.71445E-07    1.11788E-06
        3.030    5.70232E-07    3.65796E-07    1.69697E-07    1.10573E-06
        3.036    5.60903E-07    3.64846E-07    1.67969E-07    1.09372E-06
        3.043    5.51712E-07    3.63886E-07    1.66261E-07    1.08186E-06
        3.049    5.42657E-07    3.62917E-07    1.64571E-07    1.07014E-06
        3.056    5.33737E-07    3.61937E-07    1.62900E-07    1.05857E-06
        3.062    5.24950E-07    3.60948E-07    1.61247E-07    1.04714E-06
        3.069    5.16294E-07    3.59949E-07    1.59612E-07    1.03586E-06
        3.075    5.07768E-07    3.58940E-07    1.57996E-07    1.02470E-06
        3.082    4.99370E-07    3.57922E-07    1.56397E-07    1.01369E-06
        3.088    4.91098E-07    3.56895E-07    1.54816E-07    1.00281E-06
        3.094    4.82951E-07    3.55858E-07    1.53252E-07    9.92061E-07
        3.101    4.74926E-07    3.54812E-07    1.51706E-07    9.81445E-07
        3.107    4.67024E-07    3.53757E-07    1.50176E-07    9.70957E-07
        3.114    4.59241E-07    3.52693E-07    1.48664E-07    9.60598E-07
        3.120    4.51576E-07    3.51620E-07    1.47168E-07    9.50364E-07
        3.127    4.44028E-07    3.50539E-07    1.45688E-07    9.40255E-07
        3.133    4.36595E-07    3.49448E-07    1.44224E-07    9.30268E-07
        3.140    4.29276E-07    3.48349E-07    1.42777E-07    9.20403E-07
        3.146    4.22069E-07    3.47242E-07    1.41345E-07    9.10656E-07
        3.152    4.14973E-07    3.46126E-07    1.39929E-07    9.01028E-07
        3.159    4.07986E-07    3.45002E-07    1.38528E-07    8.91517E-07
        3.165    4.01107E-07    3.43870E-07    1.37143E-07    8.82120E-07
        3.172    3.94334E-07    3.42730E-07    1.35772E-07    8.72836E-07
        3.178    3.87665E-07    3.41582E-07    1.34417E-07    8.63664E-07
        3.185    3.81100E-07    3.40426E-07    1.33076E-07    8.54602E-07
        3.191    3.74638E-07    3.39262E-07    1.31750E-07    8.45650E-07
        3.198    3.68275E-07    3.38090E-07    1.30438E-07    8.36804E-07
        3.204    3.62012E-07    3.36912E-07    1.29141E-07    8.28065E-07
        3.211    3.55847E-07    3.35725E-07    1.27857E-07    8.19430E-07
        3.217    3.49779E-07    3.34531E-07    1.26588E-07    8.10898E-07
        3.223    3.43805E-07    3.33331E-07    1.25332E-07    8.02468E-07
        3.230    3.37926E-07    3.32123E-07    1.24090E-07    7.94138E-07
        3.236    3.32139E-07    3.30908E-07    1.22861E-07    7.85907E-07
        3.243    3.26443E-07    3.29686E-07    1.21645E-07    7.77774E-07
        3.249    3.20838E-07    3.28457E-07    1.20443E-07    7.69738E-07
        3.256    3.15321E-07    3.27222E-07    1.19253E-07    7.61796E-07
        3.262    3.09892E-07    3.25980E-07    1.18077E-07    7.53948E-07
        3.269    3.04549E-07    3.24732E-07    1.16912E-07    7.46193E-07
        3.275    2.99291E-07    3.23477E-07    1.15761E-07    7.38529E-07
        3.281    2.94117E-07    3.22216E-07    1.14622E-07    7.30955E-07
        3.288    2.89025E-07    3.20949E-07    1.13495E-07    7.23469E-07
        3.294    2.84015E-07    3.19677E-07    1.12380E-07    7.16072E-07
        3.301    2.79086E-07    3.18398E-07    1.11277E-07    7.08760E-07
        3.307    2.74236E-07    3.17113E-07    1.10186E-07    7.01534E-07
        3.314    2.69464E-07    3.15823E-07    1.09106E-07    6.94392E-07
        3.320    2.64768E-07    3.14527E-07    1.08038E-07    6.87333E-07
        3.327    2.60149E-07    3.13226E-07    1.06981E-07    6.80356E-07
        3.333    2.55604E-07    3.11919E-07    1.05936E-07    6.73459E-07
        3.340    2.51133E-07    3.10607E-07    1.04902E-07    6.66642E-07
        3.346    2.46735E-07    3.09290E-07    1.03879E-07    6.59904E-07
        3.352    2.42408E-07    3.07968E-07    1.02866E-07    6.53243E-07
        3.359    2.38152E-07    3.06641E-07    1.01865E-07    6.46658E-07
        3.365    2.33965E-07    3.05310E-07    1.00874E-07    6.40148E-07
        3.372    2.29846E-07    3.03973E-07    9.98936E-08    6.33713E-07
        3.378    2.25795E-07    3.02632E-07    9.89236E-08    6.27351E-07
        3.385    2.21811E-07    3.01287E-07    9.79638E-08    6.21061E-07
        3.391    2.17891E-07    2.99937E-07    9.70143E-08    6.14843E-07
        3.398    2.14037E-07    2.98583E-07    9.60747E-08    6.08695E-07
        3.404    2.10246E-07    2.97225E-07    9.51451E-08    6.02616E-07
        3.410    2.06517E-07    2.95863E-07    9.42253E-08    5.96606E-07
        3.417    2.02850E-07    2.94497E-07    9.33152E-08    5.90663E-07
        3.423    1.99244E-07    2.93128E-07    9.24147E-08    5.84787E-07
        3.430    1.95698E-07    2.91754E-07    9.15237E-08    5.78976E-07
        3.436    1.92211E-07    2.90377E-07    9.06420E-08    5.73230E-07
        3.443    1.88781E-07    2.88997E-07    8.97696E-08    5.67548E-07
        3.449    1.85409E-07    2.87613E-07    8.89064E-08    5.61928E-07
        3.456    1.82093E-07    2.86226E-07    8.80522E-08    5.56371E-07
        3.462    1.78833E-07    2.84836E-07    8.72070E-08    5.50875E-07
        3.469    1.75627E-07    2.83442E-07    8.63706E-08    5.45440E-07
        3.475    1.72475E-07    2.82046E-07    8.55430E-08    5.40064E-07
        3.481    1.69376E-07    2.80647E-07    8.47241E-08    5.34747E-07
        3.488    1.66329E-07    2.79245E-07    8.39137E-08    5.29488E-07
        3.494    1.63333E-07    2.77841E-07    8.31118E-08    5.24286E-07
        3.501    1.60388E-07    2.76434E-07    8.23182E-08    5.19141E-07
        3.507    1.57493E-07    2.75025E-07    8.15329E-08    5.14051E-07
        3.514    1.54647E-07    2.73614E-07    8.07558E-08    5.09017E-07
        3.520    1.51849E-07    2.72200E-07    7.99867E-08    5.04036E-07
        3.527    1.49099E-07    2.70785E-07    7.92257E-08    4.99109E-07
        3.533    1.46395E-07    2.69367E-07    7.84726E-08    4.94234E-07
        3.539    1.43737E-07    2.67948E-07    7.77273E-08    4.89412E-07
        3.546    1.41125E-07    2.66526E-07    7.69897E-08    4.84641E-07
        3.552    1.38557E-07    2.65103E-07    7.62597E-08    4.79920E-07
        3.559    1.36033E-07    2.63679E-07    7.55374E-08    4.75250E-07
        3.565    1.33553E-07    2.62253E-07    7.48225E-08    4.70628E-07
        3.572    1.31115E-07    2.60826E-07    7.41149E-08    4.66056E-07
        3.578    1.28719E-07    2.59398E-07    7.34147E-08    4.61531E-07
        3.585    1.26364E-07    2.57968E-07    7.27217E-08    4.57053E-07
        3.591    1.24049E-07    2.56537E-07    7.20359E-08    4.52623E-07
        3.598    1.21775E-07    2.55106E-07    7.13571E-08    4.48238E-07
        3.604    1.19540E-07    2.53673E-07    7.06853E-08    4.43899E-07
        3.610    1.17343E-07    2.52240E-07    7.00204E-08    4.39604E-07
        3.617    1.15185E-07    2.50807E-07    6.93624E-08    4.35354E-07
        3.623    1.13064E-07    2.49372E-07    6.87111E-08    4.31147E-07
        3.630    1.10980E-07    2.47938E-07    6.80665E-08    4.26984E-07
        3.636    1.08932E-07    2.46503E-07    6.74285E-08    4.22863E-07
        3.643    1.06920E-07    2.45068E-07    6.67970E-08    4.18784E-07
        3.649    1.04943E-07    2.43632E-07    6.61720E-08    4.14747E-07
        3.656    1.03000E-07    2.42197E-07    6.55534E-08    4.10750E-07
        3.662    1.01091E-07    2.40761E-07    6.49411E-08    4.06794E-07
        3.668    9.92162E-08    2.39326E-07    6.43350E-08    4.02877E-07
        3.675    9.73740E-08    2.37891E-07    6.37352E-08    3.99000E-07
        3.681    9.55640E-08    2.36456E-07    6.31414E-08    3.95162E-07
        3.688    9.37859E-08    2.35022E-07    6.25537E-08    3.91362E-07
        3.694    9.20391E-08    2.33588E-07    6.19720E-08    3.87600E-07
        3.701    9.03231E-08    2.32155E-07    6.13962E-08    3.83875E-07
        3.707    8.86374E-08    2.30723E-07    6.08262E-08    3.80187E-07
        3.714    8.69815E-08    2.29291E-07    6.02620E-08    3.76535E-07
        3.720    8.53549E-08    2.27861E-07    5.97035E-08    3.72919E-07
        3.727    8.37571E-08    2.26431E-07    5.91507E-08    3.69339E-07
        3.733    8.21877E-08    2.25002E-07    5.86035E-08    3.65793E-07
        3.739    8.06461E-08    2.23575E-07    5.80618E-08    3.62283E-07
        3.746    7.91320E-08    2.22149E-07    5.75256E-08    3.58806E-07
        3.752    7.76448E-08    2.20724E-07    5.69948E-08    3.55363E-07
        3.759    7.61842E-08    2.19300E-07    5.64694E-08    3.51954E-07
        3.765    7.47496E-08    2.17878E-07    5.59493E-08    3.48577E-07
        3.772    7.33407E-08    2.16458E-07    5.54343E-08    3.45233E-07
        3.778    7.19570E-08    2.15039E-07    5.49246E-08    3.41920E-07
        3.785    7.05981E-08    2.13622E-07    5.44200E-08    3.38640E-07
        3.791    6.92636E-08    2.12207E-07    5.39205E-08    3.35391E-07
        3.797    6.79530E-08    2.10793E-07    5.34260E-08    3.32172E-07
        3.804    6.66661E-08    2.09382E-07    5.29365E-08    3.28985E-07
        3.810    6.54023E-08    2.07973E-07    5.24518E-08    3.25827E-07
        3.817    6.41613E-08    2.06566E-07    5.19720E-08    3.22699E-07
        3.823    6.29427E-08    2.05161E-07    5.14970E-08    3.19601E-07
        3.830    6.17461E-08    2.03758E-07    5.10268E-08    3.16531E-07
        3.836    6.05712E-08    2.02358E-07    5.05612E-08    3.13491E-07
        3.843    5.94176E-08    2.00961E-07    5.01003E-08    3.10479E-07
        3.849    5.82849E-08    1.99566E-07    4.96440E-08    3.07494E-07
        3.856    5.71727E-08    1.98173E-07    4.91923E-08    3.04538E-07
        3.862    5.60808E-08    1.96783E-07    4.87450E-08    3.01609E-07
        3.868    5.50087E-08    1.95396E-07    4.83022E-08    2.98707E-07
        3.875    5.39562E-08    1.94012E-07    4.78638E-08    2.95832E-07
        3.881    5.29229E-08    1.92631E-07    4.74297E-08    2.92984E-07
        3.888    5.19085E-08    1.91253E-07    4.70000E-08    2.90161E-07
        3.894    5.09126E-08    1.89877E-07    4.65745E-08    2.87365E-07
        3.901    4.99349E-08    1.88505E-07    4.61532E-08    2.84594E-07
        3.907    4.89752E-08    1.87136E-07    4.57361E-08    2.81848E-07
        3.914    4.80331E-08    1.85771E-07    4.53231E-08    2.79127E-07
        3.920    4.71082E-08    1.84409E-07    4.49142E-08    2.76431E-07
        3.926    4.62004E-08    1.83050E-07    4.45094E-08    2.73759E-07
        3.933    4.53093E-08    1.81694E-07    4.41085E-08    2.71112E-07
        3.939    4.44346E-08    1.80342E-07    4.37116E-08    2.68488E-07
        3.946    4.35761E-08    1.78994E-07    4.33186E-08    2.65889E-07
        3.952    4.27334E-08    1.77649E-07    4.29294E-08    2.63312E-07
        3.959    4.19062E-08    1.76308E-07    4.25441E-08    2.60759E-07
        3.965    4.10944E-08    1.74971E-07    4.21626E-08    2.58228E-07
        3.972    4.02977E-08    1.73638E-07    4.17848E-08    2.55720E-07
        3.978    3.95157E-08    1.72308E-07    4.14107E-08    2.53235E-07
        3.985    3.87482E-08    1.70983E-07    4.10403E-08    2.50772E-07
        3.991    3.79950E-08    1.69662E-07    4.06736E-08    2.48330E-07
        3.997    3.72558E-08    1.68344E-07    4.03104E-08    2.45910E-07
        4.004    3.65304E-08    1.67031E-07    3.99507E-08    2.43512E-07
        4.010    3.58186E-08    1.65722E-07    3.95946E-08    2.41135E-07
        4.017    3.51200E-08    1.64417E-07    3.92419E-08    2.38779E-07
        4.023    3.44344E-08    1.63117E-07    3.88927E-08    2.36444E-07
        4.030    3.37617E-08    1.61821E-07    3.85469E-08    2.34129E-07
        4.036    3.31016E-08    1.60529E-07    3.82044E-08    2.31835E-07
        4.043    3.24538E-08    1.59241E-07    3.78653E-08    2.29561E-07
        4.049    3.18182E-08    1.57959E-07    3.75295E-08    2.27306E-07
        4.055    3.11946E-08    1.56681E-07    3.71970E-08    2.25072E-07
        4.062    3.05827E-08    1.55407E-07    3.68676E-08    2.22857E-07
        4.068    2.99822E-08    1.54138E-07    3.65415E-08    2.20662E-07
        4.075    2.93931E-08    1.52874E-07    3.62185E-08    2.18485E-07
        4.081    2.88152E-08    1.51614E-07    3.58986E-08    2.16328E-07
        4.088    2.82481E-08    1.50360E-07    3.55819E-08    2.14190E-07
        4.094    2.76917E-08    1.49110E-07    3.52682E-08    2.12070E-07
        4.101    2.71459E-08    1.47865E-07    3.49575E-08    2.09968E-07
        4.107    2.66104E-08    1.46625E-07    3.46498E-08    2.07885E-07
        4.114    2.60850E-08    1.45390E-07    3.43451E-08    2.05820E-07
        4.120    2.55696E-08    1.44160E-07    3.40434E-08    2.03773E-07
        4.126    2.50640E-08    1.42935E-07    3.37445E-08    2.01743E-07
        4.133    2.45680E-08    1.41715E-07    3.34485E-08    1.99732E-07
        4.139    2.40815E-08    1.40500E-07    3.31553E-08    1.97737E-07
        4.146    2.36042E-08    1.39291E-07    3.28650E-08    1.95760E-07
        4.152    2.31360E-08    1.38086E-07    3.25775E-08    1.93800E-07
        4.159    2.26768E-08    1.36887E-07    3.22927E-08    1.91857E-07
        4.165    2.22263E-08    1.35694E-07    3.20106E-08    1.89931E-07
        4.172    2.17844E-08    1.34505E-07    3.17312E-08    1.88021E-07
        4.178    2.13510E-08    1.33322E-07    3.14545E-08    1.86128E-07
        4.184    2.09259E-08    1.32144E-07    3.11805E-08    1.84251E-07
        4.191    2.05089E-08    1.30972E-07    3.09091E-08    1.82390E-07
        4.197    2.00999E-08    1.29805E-07    3.06402E-08    1.80546E-07
        4.204    1.96988E-08    1.28644E-07    3.03739E-08    1.78717E-07
        4.210    1.93054E-08    1.27488E-07    3.01102E-08    1.76904E-07
        4.217    1.89196E-08    1.26338E-07    2.98490E-08    1.75107E-07
        4.223    1.85412E-08    1.25194E-07    2.95902E-08    1.73325E-07
        4.230    1.81701E-08    1.24055E-07    2.93339E-08    1.71559E-07
        4.236    1.78061E-08    1.22921E-07    2.90800E-08    1.69807E-07
        4.243    1.74492E-08    1.21794E-07    2.88286E-08    1.68071E-07
        4.249    1.70992E-08    1.20672E-07    2.85795E-08    1.66350E-07
        4.255    1.67559E-08    1.19555E-07    2.83328E-08    1.64644E-07
        4.262    1.64193E-08    1.18445E-07    2.80884E-08    1.62953E-07
        4.268    1.60893E-08    1.17340E-07    2.78464E-08    1.61276E-07
        4.275    1.57656E-08    1.16241E-07    2.76066E-08    1.59613E-07
        4.281    1.54482E-08    1.15148E-07    2.73691E-08    1.57965E-07
        4.288    1.51370E-08    1.14061E-07    2.71338E-08    1.56331E-07
        4.294    1.48318E-08    1.12979E-07    2.69007E-08    1.54712E-07
        4.301    1.45326E-08    1.11904E-07    2.66698E-08    1.53106E-07
        4.307    1.42392E-08    1.10834E-07    2.64412E-08    1.51514E-07
        4.313    1.39515E-08    1.09770E-07    2.62146E-08    1.49936E-07
        4.320    1.36694E-08    1.08713E-07    2.59902E-08    1.48372E-07
        4.326    1.33929E-08    1.07661E-07    2.57679E-08    1.46821E-07
        4.333    1.31217E-08    1.06615E-07    2.55476E-08    1.45284E-07
        4.339    1.28559E-08    1.05575E-07    2.53295E-08    1.43760E-07
        4.346    1.25952E-08    1.04541E-07    2.51134E-08    1.42250E-07
        4.352    1.23397E-08    1.03513E-07    2.48993E-08    1.40752E-07
        4.359    1.20892E-08    1.02491E-07    2.46872E-08    1.39268E-07
        4.365    1.18436E-08    1.01476E-07    2.44770E-08    1.37796E-07
        4.372    1.16028E-08    1.00466E-07    2.42689E-08    1.36338E-07
        4.378    1.13668E-08    9.94624E-08    2.40627E-08    1.34892E-07
        4.384    1.11354E-08    9.84648E-08    2.38584E-08    1.33459E-07
        4.391    1.09086E-08    9.74734E-08    2.36560E-08    1.32038E-07
        4.397    1.06862E-08    9.64880E-08    2.34555E-08    1.30630E-07
        4.404    1.04682E-08    9.55088E-08    2.32569E-08    1.29234E-07
        4.410    1.02545E-08    9.45357E-08    2.30601E-08    1.27850E-07
        4.417    1.00451E-08    9.35687E-08    2.28651E-08    1.26479E-07
        4.423    9.83977E-09    9.26079E-08    2.26719E-08    1.25120E-07
        4.430    9.63853E-09    9.16532E-08    2.24805E-08    1.23772E-07
        4.436    9.44127E-09    9.07047E-08    2.22909E-08    1.22437E-07
        4.442    9.24792E-09    8.97623E-08    2.21031E-08    1.21113E-07
        4.449    9.05841E-09    8.88260E-08    2.19170E-08    1.19801E-07
        4.455    8.87266E-09    8.78960E-08    2.17326E-08    1.18501E-07
        4.462    8.69060E-09    8.69721E-08    2.15499E-08    1.17213E-07
        4.468    8.51216E-09    8.60544E-08    2.13689E-08    1.15935E-07
        4.475    8.33727E-09    8.51429E-08    2.11895E-08    1.14670E-07
        4.481    8.16587E-09    8.42375E-08    2.10118E-08    1.13415E-07
        4.488    7.99788E-09    8.33383E-08    2.08358E-08    1.12172E-07
        4.494    7.83324E-09    8.24453E-08    2.06613E-08    1.10940E-07
        4.501    7.67189E-09    8.15585E-08    2.04885E-08    1.09719E-07
        4.507    7.51377E-09    8.06778E-08    2.03173E-08    1.08509E-07
        4.513    7.35880E-09    7.98034E-08    2.01476E-08    1.07310E-07
        4.520    7.20694E-09    7.89351E-08    1.99794E-08    1.06121E-07
        4.526    7.05812E-09    7.80730E-08    1.98129E-08    1.04944E-07
        4.533    6.91228E-09    7.72170E-08    1.96478E-08    1.03777E-07
        4.539    6.76936E-09    7.63672E-08    1.94843E-08    1.02621E-07
        4.546    6.62931E-09    7.55236E-08    1.93222E-08    1.01475E-07
        4.552    6.49208E-09    7.46862E-08    1.91616E-08    1.00340E-07
        4.559    6.35760E-09    7.38549E-08    1.90025E-08    9.92150E-08
        4.565    6.22583E-09    7.30297E-08    1.88448E-08    9.81004E-08
        4.571    6.09671E-09    7.22107E-08    1.86886E-08    9.69960E-08
        4.578    5.97019E-09    7.13978E-08    1.85338E-08    9.59018E-08
        4.584    5.84622E-09    7.05911E-08    1.83804E-08    9.48177E-08
        4.591    5.72476E-09    6.97905E-08    1.82284E-08    9.37436E-08
        4.597    5.60574E-09    6.89960E-08    1.80778E-08    9.26795E-08
        4.604    5.48913E-09    6.82076E-08    1.79285E-08    9.16252E-08
        4.610    5.37488E-09    6.74253E-08    1.77806E-08    9.05807E-08
        4.617    5.26294E-09    6.66491E-08    1.76340E-08    8.95460E-08
        4.623    5.15326E-09    6.58789E-08    1.74888E-08    8.85210E-08
        4.630    5.04581E-09    6.51149E-08    1.73448E-08    8.75055E-08
        4.636    4.94053E-09    6.43569E-08    1.72022E-08    8.64996E-08
        4.642    4.83739E-09    6.36049E-08    1.70608E-08    8.55031E-08
        4.649    4.73635E-09    6.28590E-08    1.69208E-08    8.45161E-08
        4.655    4.63736E-09    6.21190E-08    1.67820E-08    8.35384E-08
        4.662    4.54038E-09    6.13851E-08    1.66444E-08    8.25699E-08
        4.668    4.44537E-09    6.06572E-08    1.65081E-08    8.16107E-08
        4.675    4.35230E-09    5.99353E-08    1.63730E-08    8.06606E-08
        4.681    4.26112E-09    5.92194E-08    1.62391E-08    7.97196E-08
        4.688    4.17181E-09    5.85093E-08    1.61064E-08    7.87876E-08
        4.694    4.08431E-09    5.78053E-08    1.59749E-08    7.78645E-08
        4.700    3.99860E-09    5.71071E-08    1.58446E-08    7.69504E-08
        4.707    3.91465E-09    5.64149E-08    1.57155E-08    7.60450E-08
        4.713    3.83240E-09    5.57286E-08    1.55875E-08    7.51485E-08
        4.720    3.75184E-09    5.50481E-08    1.54606E-08    7.42606E-08
        4.726    3.67294E-09    5.43735E-08    1.53349E-08    7.33814E-08
        4.733    3.59564E-09    5.37047E-08    1.52103E-08    7.25107E-08
        4.739    3.51993E-09    5.30418E-08    1.50868E-08    7.16486E-08
        4.746    3.44578E-09    5.23847E-08    1.49645E-08    7.07949E-08
        4.752    3.37314E-09    5.17333E-08    1.48432E-08    6.99497E-08
        4.759    3.30200E-09    5.10878E-08    1.47230E-08    6.91127E-08
        4.765    3.23232E-09    5.04479E-08    1.46038E-08    6.82841E-08
        4.771    3.16407E-09    4.98139E-08    1.44857E-08    6.74637E-08
        4.778    3.09723E-09    4.91855E-08    1.43687E-08    6.66514E-08
        4.784    3.03176E-09    4.85628E-08    1.42527E-08    6.58473E-08
        4.791    2.96765E-09    4.79458E-08    1.41378E-08    6.50512E-08
        4.797    2.90485E-09    4.73344E-08    1.40238E-08    6.42631E-08
        4.804    2.84335E-09    4.67287E-08    1.39109E-08    6.34829E-08
        4.810    2.78312E-09    4.61286E-08    1.37989E-08    6.27106E-08
        4.817    2.72414E-09    4.55341E-08    1.36880E-08    6.19462E-08
        4.823    2.66637E-09    4.49451E-08    1.35780E-08    6.11895E-08
        4.829    2.60980E-09    4.43617E-08    1.34690E-08    6.04405E-08
        4.836    2.55440E-09    4.37838E-08    1.33610E-08    5.96992E-08
        4.842    2.50014E-09    4.32114E-08    1.32539E-08    5.89654E-08
        4.849    2.44701E-09    4.26445E-08    1.31477E-08    5.82392E-08
        4.855    2.39499E-09    4.20830E-08    1.30425E-08    5.75205E-08
        4.862    2.34404E-09    4.15270E-08    1.29382E-08    5.68092E-08
        4.868    2.29415E-09    4.09764E-08    1.28349E-08    5.61054E-08
        4.875    2.24530E-09    4.04311E-08    1.27324E-08    5.54088E-08
        4.881    2.19746E-09    3.98912E-08    1.26308E-08    5.47195E-08
        4.888    2.15061E-09    3.93567E-08    1.25301E-08    5.40374E-08
        4.894    2.10475E-09    3.88274E-08    1.24303E-08    5.33625E-08
        4.900    2.05983E-09    3.83035E-08    1.23314E-08    5.26947E-08
        4.907    2.01586E-09    3.77848E-08    1.22334E-08    5.20340E-08
        4.913    1.97280E-09    3.72713E-08    1.21361E-08    5.13803E-08
        4.920    1.93064E-09    3.67631E-08    1.20398E-08    5.07335E-08
        4.926    1.88935E-09    3.62600E-08    1.19443E-08    5.00936E-08
        4.933    1.84894E-09    3.57621E-08    1.18496E-08    4.94606E-08
        4.939    1.80936E-09    3.52693E-08    1.17557E-08    4.88344E-08
        4.946    1.77062E-09    3.47816E-08    1.16627E-08    4.82149E-08
        4.952    1.73268E-09    3.42990E-08    1.15705E-08    4.76021E-08
        4.958    1.69554E-09    3.38215E-08    1.14790E-08    4.69960E-08
        4.965    1.65917E-09    3.33489E-08    1.13884E-08    4.63965E-08
        4.971    1.62357E-09    3.28814E-08    1.12986E-08    4.58035E-08
        4.978    1.58872E-09    3.24188E-08    1.12095E-08    4.52170E-08
        4.984    1.55460E-09    3.19612E-08    1.11212E-08    4.46370E-08
        4.991    1.52119E-09    3.15085E-08    1.10337E-08    4.40634E-08
        4.997    1.48849E-09    3.10607E-08    1.09469E-08    4.34960E-08
        5.004    1.45647E-09    3.06177E-08    1.08608E-08    4.29350E-08
        5.010    1.42513E-09    3.01796E-08    1.07755E-08    4.23803E-08
        5.017    1.39444E-09    2.97463E-08    1.06910E-08    4.18317E-08
        5.023    1.36440E-09    2.93177E-08    1.06072E-08    4.12893E-08
        5.029    1.33500E-09    2.88939E-08    1.05241E-08    4.07530E-08
        5.036    1.30621E-09    2.84748E-08    1.04417E-08    4.02227E-08
        5.042    1.27804E-09    2.80604E-08    1.03600E-08    3.96985E-08
        5.049    1.25045E-09    2.76507E-08    1.02791E-08    3.91802E-08
        5.055    1.22345E-09    2.72456E-08    1.01988E-08    3.86678E-08
        5.062    1.19702E-09    2.68451E-08    1.01192E-08    3.81613E-08
        5.068    1.17115E-09    2.64492E-08    1.00403E-08    3.76606E-08
        5.075    1.14583E-09    2.60578E-08    9.96203E-09    3.71656E-08
        5.081    1.12104E-09    2.56709E-08    9.88449E-09    3.66764E-08
        5.087    1.09678E-09    2.52885E-08    9.80758E-09    3.61929E-08
        5.094    1.07303E-09    2.49106E-08    9.73134E-09    3.57149E-08
        5.100    1.04979E-09    2.45370E-08    9.65574E-09    3.52426E-08
        5.107    1.02703E-09    2.41679E-08    9.58082E-09    3.47758E-08
        5.113    1.00476E-09    2.38032E-08    9.50651E-09    3.43145E-08
        5.120    9.82968E-10    2.34428E-08    9.43283E-09    3.38586E-08
        5.126    9.61634E-10    2.30867E-08    9.35978E-09    3.34081E-08
        5.133    9.40754E-10    2.27348E-08    9.28736E-09    3.29629E-08
        5.139    9.20318E-10    2.23872E-08    9.21557E-09    3.25231E-08
        5.146    9.00318E-10    2.20439E-08    9.14436E-09    3.20885E-08
        5.152    8.80742E-10    2.17047E-08    9.07377E-09    3.16592E-08
        5.158    8.61584E-10    2.13697E-08    9.00377E-09    3.12350E-08
        5.165    8.42834E-10    2.10387E-08    8.93439E-09    3.08160E-08
        5.171    8.24485E-10    2.07119E-08    8.86558E-09    3.04020E-08
        5.178    8.06526E-10    2.03892E-08    8.79734E-09    2.99931E-08
        5.184    7.88951E-10    2.00705E-08    8.72968E-09    2.95891E-08
        5.191    7.71751E-10    1.97558E-08    8.66260E-09    2.91901E-08
        5.197    7.54919E-10    1.94450E-08    8.59611E-09    2.87961E-08
        5.204    7.38447E-10    1.91383E-08    8.53015E-09    2.84068E-08
        5.210    7.22327E-10    1.88354E-08    8.46475E-09    2.80224E-08
        5.216    7.06552E-10    1.85364E-08    8.39990E-09    2.76428E-08
        5.223    6.91114E-10    1.82412E-08    8.33559E-09    2.72679E-08
        5.229    6.76008E-10    1.79499E-08    8.27185E-09    2.68978E-08
        5.236    6.61225E-10    1.76624E-08    8.20863E-09    2.65322E-08
        5.242    6.46760E-10    1.73786E-08    8.14593E-09    2.61713E-08
        5.249    6.32604E-10    1.70986E-08    8.08377E-09    2.58149E-08
        5.255    6.18753E-10    1.68222E-08    8.02214E-09    2.54631E-08
        5.262    6.05199E-10    1.65495E-08    7.96101E-09    2.51157E-08
        5.268    5.91936E-10    1.62805E-08    7.90039E-09    2.47728E-08
        5.275    5.78959E-10    1.60151E-08    7.84028E-09    2.44343E-08
        5.281    5.66260E-10    1.57532E-08    7.78067E-09    2.41001E-08
        5.287    5.53835E-10    1.54949E-08    7.72158E-09    2.37703E-08
        5.294    5.41677E-10    1.52401E-08    7.66297E-09    2.34447E-08
        5.300    5.29782E-10    1.49888E-08    7.60484E-09    2.31234E-08
        5.307    5.18142E-10    1.47409E-08    7.54719E-09    2.28063E-08
        5.313    5.06754E-10    1.44965E-08    7.49005E-09    2.24933E-08
        5.320    4.95611E-10    1.42555E-08    7.43337E-09    2.21844E-08
        5.326    4.84709E-10    1.40178E-08    7.37715E-09    2.18796E-08
        5.333    4.74042E-10    1.37834E-08    7.32141E-09    2.15789E-08
        5.339    4.63606E-10    1.35524E-08    7.26612E-09    2.12821E-08
        5.345    4.53395E-10    1.33246E-08    7.21132E-09    2.09894E-08
        5.352    4.43405E-10    1.31001E-08    7.15694E-09    2.07005E-08
        5.358    4.33631E-10    1.28788E-08    7.10302E-09    2.04155E-08
        5.365    4.24069E-10    1.26607E-08    7.04955E-09    2.01343E-08
        5.371    4.14714E-10    1.24457E-08    6.99654E-09    1.98570E-08
        5.378    4.05561E-10    1.22339E-08    6.94395E-09    1.95834E-08
        5.384    3.96607E-10    1.20251E-08    6.89179E-09    1.93135E-08
        5.391    3.87847E-10    1.18194E-08    6.84006E-09    1.90474E-08
        5.397    3.79277E-10    1.16168E-08    6.78876E-09    1.87848E-08
        5.404    3.70893E-10    1.14171E-08    6.73791E-09    1.85259E-08
        5.410    3.62691E-10    1.12205E-08    6.68745E-09    1.82706E-08
        5.416    3.54667E-10    1.10267E-08    6.63741E-09    1.80188E-08
        5.423    3.46818E-10    1.08359E-08    6.58778E-09    1.77705E-08
        5.429    3.39139E-10    1.06480E-08    6.53858E-09    1.75257E-08
        5.436    3.31628E-10    1.04629E-08    6.48976E-09    1.72843E-08
        5.442    3.24280E-10    1.02806E-08    6.44134E-09    1.70463E-08
        5.449    3.17092E-10    1.01012E-08    6.39332E-09    1.68116E-08
        5.455    3.10060E-10    9.92450E-09    6.34570E-09    1.65803E-08
        5.462    3.03182E-10    9.75056E-09    6.29848E-09    1.63522E-08
        5.468    2.96454E-10    9.57932E-09    6.25163E-09    1.61274E-08
        5.474    2.89872E-10    9.41077E-09    6.20516E-09    1.59058E-08
        5.481    2.83435E-10    9.24487E-09    6.15907E-09    1.56874E-08
        5.487    2.77137E-10    9.08159E-09    6.11339E-09    1.54721E-08
        5.494    2.70978E-10    8.92091E-09    6.06805E-09    1.52599E-08
        5.500    2.64953E-10    8.76279E-09    6.02308E-09    1.50508E-08
        5.507    2.59059E-10    8.60721E-09    5.97848E-09    1.48448E-08
        5.513    2.53295E-10    8.45415E-09    5.93424E-09    1.46417E-08
        5.520    2.47656E-10    8.30356E-09    5.89038E-09    1.44416E-08
        5.526    2.42141E-10    8.15542E-09    5.84687E-09    1.42444E-08
        5.533    2.36747E-10    8.00971E-09    5.80370E-09    1.40502E-08
        5.539    2.31471E-10    7.86640E-09    5.76088E-09    1.38587E-08
        5.545    2.26311E-10    7.72545E-09    5.71843E-09    1.36702E-08
        5.552    2.21264E-10    7.58685E-09    5.67630E-09    1.34844E-08
        5.558    2.16328E-10    7.45056E-09    5.63452E-09    1.33014E-08
        5.565    2.11499E-10    7.31655E-09    5.59307E-09    1.31211E-08
        5.571    2.06777E-10    7.18480E-09    5.55196E-09    1.29435E-08
        5.578    2.02159E-10    7.05527E-09    5.51121E-09    1.27686E-08
        5.584    1.97642E-10    6.92795E-09    5.47076E-09    1.25963E-08
        5.591    1.93225E-10    6.80280E-09    5.43063E-09    1.24267E-08
        5.597    1.88904E-10    6.67980E-09    5.39083E-09    1.22595E-08
        5.603    1.84679E-10    6.55846E-09    5.35138E-09    1.20945E-08
        5.610    1.80547E-10    6.43892E-09    5.31222E-09    1.19317E-08
        5.616    1.76506E-10    6.32156E-09    5.27337E-09    1.17714E-08
        5.623    1.72553E-10    6.20634E-09    5.23484E-09    1.16137E-08
        5.629    1.68688E-10    6.09322E-09    5.19664E-09    1.14585E-08
        5.636    1.64908E-10    5.98217E-09    5.15872E-09    1.13058E-08
        5.642    1.61212E-10    5.87314E-09    5.12111E-09    1.11555E-08
        5.649    1.57597E-10    5.76611E-09    5.08380E-09    1.10075E-08
        5.655    1.54062E-10    5.66102E-09    5.04679E-09    1.08619E-08
        5.662    1.50605E-10    5.55786E-09    5.01010E-09    1.07186E-08
        5.668    1.47224E-10    5.45658E-09    4.97368E-09    1.05775E-08
        5.674    1.43918E-10    5.35715E-09    4.93755E-09    1.04386E-08
        5.681    1.40685E-10    5.25953E-09    4.90170E-09    1.03019E-08
        5.687    1.37524E-10    5.16369E-09    4.86617E-09    1.01674E-08
        5.694    1.34432E-10    5.06961E-09    4.83090E-09    1.00349E-08
        5.700    1.31409E-10    4.97724E-09    4.79591E-09    9.90456E-09
        5.707    1.28453E-10    4.88656E-09    4.76120E-09    9.77621E-09
        5.713    1.25563E-10    4.79753E-09    4.72677E-09    9.64986E-09
        5.720    1.22737E-10    4.71012E-09    4.69262E-09    9.52548E-09
        5.726    1.19973E-10    4.62432E-09    4.65873E-09    9.40302E-09
        5.732    1.17270E-10    4.54007E-09    4.62512E-09    9.28246E-09
        5.739    1.14628E-10    4.45737E-09    4.59176E-09    9.16376E-09
        5.745    1.12044E-10    4.37617E-09    4.55870E-09    9.04691E-09
        5.752    1.09518E-10    4.29646E-09    4.52587E-09    8.93185E-09
        5.758    1.07047E-10    4.21820E-09    4.49330E-09    8.81855E-09
        5.765    1.04632E-10    4.14137E-09    4.46099E-09    8.70700E-09
        5.771    1.02270E-10    4.06594E-09    4.42896E-09    8.59717E-09
        5.778    9.99611E-11    3.99189E-09    4.39717E-09    8.48901E-09
        5.784    9.77033E-11    3.91919E-09    4.36562E-09    8.38251E-09
        5.791    9.54958E-11    3.84781E-09    4.33432E-09    8.27762E-09
        5.797    9.33374E-11    3.77774E-09    4.30326E-09    8.17434E-09
        5.803    9.12272E-11    3.70895E-09    4.27248E-09    8.07265E-09
        5.810    8.91639E-11    3.64141E-09    4.24191E-09    7.97248E-09
        5.816    8.71467E-11    3.57510E-09    4.21159E-09    7.87384E-09
        5.823    8.51744E-11    3.51000E-09    4.18150E-09    7.77668E-09
        5.829    8.32462E-11    3.44610E-09    4.15167E-09    7.68101E-09
        5.836    8.13610E-11    3.38335E-09    4.12206E-09    7.58677E-09
        5.842    7.95179E-11    3.32175E-09    4.09267E-09    7.49395E-09
        5.849    7.77159E-11    3.26128E-09    4.06352E-09    7.40252E-09
        5.855    7.59542E-11    3.20191E-09    4.03462E-09    7.31249E-09
        5.861    7.42319E-11    3.14362E-09    4.00592E-09    7.22378E-09
        5.868    7.25481E-11    3.08640E-09    3.97745E-09    7.13640E-09
        5.874    7.09020E-11    3.03022E-09    3.94920E-09    7.05032E-09
        5.881    6.92927E-11    2.97506E-09    3.92117E-09    6.96552E-09
        5.887    6.77194E-11    2.92091E-09    3.89338E-09    6.88201E-09
        5.894    6.61814E-11    2.86775E-09    3.86579E-09    6.79971E-09
        5.900    6.46778E-11    2.81555E-09    3.83841E-09    6.71865E-09
        5.907    6.32079E-11    2.76431E-09    3.81125E-09    6.63877E-09
        5.913    6.17710E-11    2.71401E-09    3.78431E-09    6.56009E-09
        5.920    6.03663E-11    2.66462E-09    3.75757E-09    6.48255E-09
        5.926    5.89931E-11    2.61613E-09    3.73103E-09    6.40616E-09
        5.932    5.76507E-11    2.56853E-09    3.70470E-09    6.33088E-09
        5.939    5.63384E-11    2.52179E-09    3.67860E-09    6.25673E-09
        5.945    5.50556E-11    2.47591E-09    3.65268E-09    6.18365E-09
        5.952    5.38017E-11    2.43086E-09    3.62696E-09    6.11162E-09
        5.958    5.25759E-11    2.38664E-09    3.60144E-09    6.04065E-09
        5.965    5.13777E-11    2.34322E-09    3.57611E-09    5.97071E-09
        5.971    5.02064E-11    2.30059E-09    3.55100E-09    5.90180E-09
        5.978    4.90615E-11    2.25874E-09    3.52607E-09    5.83388E-09
        5.984    4.79423E-11    2.21766E-09    3.50133E-09    5.76693E-09
        5.990    4.68484E-11    2.17732E-09    3.47678E-09    5.70095E-09
        5.997    4.57791E-11    2.13772E-09    3.45244E-09    5.63593E-09
        6.003    4.47338E-11    2.09884E-09    3.42826E-09    5.57184E-09
        6.010    4.37122E-11    2.06067E-09    3.40428E-09    5.50866E-09
        6.016    4.27135E-11    2.02319E-09    3.38048E-09    5.44639E-09
        6.023    4.17374E-11    1.98640E-09    3.35688E-09    5.38502E-09
        6.029    4.07833E-11    1.95028E-09    3.33344E-09    5.32450E-09
        6.036    3.98507E-11    1.91482E-09    3.31018E-09    5.26485E-09
        6.042    3.89392E-11    1.88000E-09    3.28711E-09    5.20604E-09
        6.049    3.80483E-11    1.84582E-09    3.26420E-09    5.14807E-09
        6.055    3.71775E-11    1.81226E-09    3.24150E-09    5.09094E-09
        6.061    3.63264E-11    1.77931E-09    3.21895E-09    5.03459E-09
        6.068    3.54945E-11    1.74696E-09    3.19657E-09    4.97903E-09
        6.074    3.46814E-11    1.71521E-09    3.17436E-09    4.92425E-09
        6.081    3.38867E-11    1.68403E-09    3.15234E-09    4.87026E-09
        6.087    3.31100E-11    1.65342E-09    3.13047E-09    4.81700E-09
        6.094    3.23509E-11    1.62337E-09    3.10877E-09    4.76448E-09
        6.100    3.16090E-11    1.59386E-09    3.08724E-09    4.71271E-09
        6.107    3.08838E-11    1.56489E-09    3.06588E-09    4.66166E-09
        6.113    3.01751E-11    1.53646E-09    3.04467E-09    4.61130E-09
        6.119    2.94825E-11    1.50853E-09    3.02362E-09    4.56164E-09
        6.126    2.88056E-11    1.48112E-09    3.00273E-09    4.51266E-09
        6.132    2.81440E-11    1.45421E-09    2.98202E-09    4.46437E-09
        6.139    2.74974E-11    1.42779E-09    2.96145E-09    4.41674E-09
        6.145    2.68656E-11    1.40184E-09    2.94104E-09    4.36975E-09
        6.152    2.62480E-11    1.37638E-09    2.92077E-09    4.32340E-09
        6.158    2.56445E-11    1.35137E-09    2.90067E-09    4.27768E-09
        6.165    2.50547E-11    1.32682E-09    2.88073E-09    4.23261E-09
        6.171    2.44783E-11    1.30272E-09    2.86092E-09    4.18812E-09
        6.178    2.39150E-11    1.27906E-09    2.84128E-09    4.14425E-09
        6.184    2.33645E-11    1.25582E-09    2.82177E-09    4.10096E-09
        6.190    2.28265E-11    1.23302E-09    2.80243E-09    4.05827E-09
        6.197    2.23007E-11    1.21062E-09    2.78322E-09    4.01614E-09
        6.203    2.17870E-11    1.18864E-09    2.76415E-09    3.97457E-09
        6.210    2.12849E-11    1.16705E-09    2.74523E-09    3.93356E-09
        6.216    2.07943E-11    1.14586E-09    2.72647E-09    3.89312E-09
        6.223    2.03148E-11    1.12505E-09    2.70783E-09    3.85320E-09
        6.229    1.98463E-11    1.10463E-09    2.68933E-09    3.81380E-09
        6.236    1.93884E-11    1.08457E-09    2.67097E-09    3.77493E-09
        6.242    1.89410E-11    1.06488E-09    2.65276E-09    3.73658E-09
        6.248    1.85038E-11    1.04555E-09    2.63468E-09    3.69873E-09
        6.255    1.80766E-11    1.02657E-09    2.61674E-09    3.66138E-09
        6.261    1.76591E-11    1.00793E-09    2.59892E-09    3.62451E-09
        6.268    1.72511E-11    9.89637E-10    2.58126E-09    3.58815E-09
        6.274    1.68525E-11    9.71675E-10    2.56371E-09    3.55224E-09
        6.281    1.64630E-11    9.54040E-10    2.54629E-09    3.51679E-09
        6.287    1.60824E-11    9.36726E-10    2.52900E-09    3.48181E-09
        6.294    1.57104E-11    9.19727E-10    2.51185E-09    3.44729E-09
        6.300    1.53470E-11    9.03037E-10    2.49484E-09    3.41322E-09
        6.307    1.49919E-11    8.86651E-10    2.47793E-09    3.37958E-09
        6.313    1.46449E-11    8.70563E-10    2.46116E-09    3.34636E-09
        6.319    1.43059E-11    8.54768E-10    2.44451E-09    3.31358E-09
        6.326    1.39746E-11    8.39260E-10    2.42799E-09    3.28123E-09
        6.332    1.36509E-11    8.24035E-10    2.41159E-09    3.24928E-09
        6.339    1.33346E-11    8.09087E-10    2.39531E-09    3.21773E-09
        6.345    1.30256E-11    7.94410E-10    2.37915E-09    3.18659E-09
        6.352    1.27236E-11    7.80001E-10    2.36312E-09    3.15585E-09
        6.358    1.24286E-11    7.65854E-10    2.34720E-09    3.12548E-09
        6.365    1.21404E-11    7.51964E-10    2.33140E-09    3.09550E-09
        6.371    1.18587E-11    7.38326E-10    2.31572E-09    3.06590E-09
        6.377    1.15835E-11    7.24937E-10    2.30016E-09    3.03668E-09
        6.384    1.13147E-11    7.11792E-10    2.28470E-09    3.00781E-09
        6.390    1.10520E-11    6.98885E-10    2.26936E-09    2.97930E-09
        6.397    1.07953E-11    6.86213E-10    2.25414E-09    2.95114E-09
        6.403    1.05445E-11    6.73772E-10    2.23904E-09    2.92335E-09
        6.410    1.02995E-11    6.61557E-10    2.22404E-09    2.89589E-09
        6.416    1.00602E-11    6.49564E-10    2.20914E-09    2.86877E-09
        6.423    9.82630E-12    6.37789E-10    2.19436E-09    2.84198E-09
        6.429    9.59781E-12    6.26229E-10    2.17970E-09    2.81553E-09
        6.436    9.37458E-12    6.14878E-10    2.16514E-09    2.78939E-09
        6.442    9.15648E-12    6.03734E-10    2.15068E-09    2.76357E-09
        6.448    8.94341E-12    5.92793E-10    2.13633E-09    2.73806E-09
        6.455    8.73524E-12    5.82050E-10    2.12208E-09    2.71287E-09
        6.461    8.53187E-12    5.71503E-10    2.10795E-09    2.68799E-09
        6.468    8.33318E-12    5.61147E-10    2.09391E-09    2.66339E-09
        6.474    8.13908E-12    5.50980E-10    2.07998E-09    2.63910E-09
        6.481    7.94944E-12    5.40997E-10    2.06614E-09    2.61509E-09
        6.487    7.76418E-12    5.31196E-10    2.05243E-09    2.59139E-09
        6.494    7.58319E-12    5.21573E-10    2.03880E-09    2.56796E-09
