          %pt            int_Sj
        2.048    9.59470E-02
        2.096    3.47770E-01
        2.144    6.59682E-01
        2.192    9.57993E-01
        2.240    1.20313E+00
        2.288    1.38027E+00
        2.336    1.48948E+00
        2.384    1.53861E+00
        2.432    1.53863E+00
        2.480    1.50101E+00
        2.528    1.43629E+00
        2.576    1.35346E+00
        2.624    1.25979E+00
        2.672    1.16096E+00
        2.720    1.06118E+00
        2.768    9.63492E-01
        2.816    8.69969E-01
        2.864    7.81940E-01
        2.912    7.00170E-01
        2.960    6.25000E-01
        3.008    5.56473E-01
        3.056    4.94425E-01
        3.104    4.38552E-01
        3.152    3.88468E-01
        3.200    3.43739E-01
        3.248    3.03915E-01
        3.296    2.68546E-01
        3.344    2.37199E-01
        3.392    2.09460E-01
        3.440    1.84949E-01
        3.488    1.63311E-01
        3.536    1.44224E-01
        3.584    1.27399E-01
        3.632    1.12572E-01
        3.680    9.95103E-02
        3.728    8.80042E-02
        3.776    7.78684E-02
        3.824    6.89388E-02
        3.872    6.10701E-02
        3.920    5.41343E-02
        3.968    4.80186E-02
        4.016    4.26238E-02
        4.064    3.78625E-02
        4.112    3.36582E-02
        4.160    2.99436E-02
        4.208    2.66597E-02
        4.256    2.37548E-02
        4.304    2.11834E-02
        4.352    1.89055E-02
        4.400    1.68864E-02
        4.448    1.50953E-02
        4.496    1.35052E-02
        4.544    1.20926E-02
        4.592    1.08367E-02
        4.640    9.71923E-03
        4.688    8.72417E-03
        4.736    7.83739E-03
        4.784    7.04651E-03
        4.832    6.34059E-03
        4.880    5.71000E-03
        4.928    5.14627E-03
        4.976    4.64189E-03
        5.024    4.19027E-03
        5.072    3.78556E-03
        5.120    3.42260E-03
        5.168    3.09684E-03
        5.216    2.80423E-03
        5.264    2.54120E-03
        5.312    2.30456E-03
        5.360    2.09152E-03
        5.408    1.89956E-03
        5.456    1.72648E-03
        5.504    1.57038E-03
        5.552    1.42934E-03
        5.600    1.30187E-03
        5.648    1.18661E-03
        5.696    1.08229E-03
        5.744    9.87808E-04
        5.792    9.02182E-04
        5.840    8.24523E-04
        5.888    7.54042E-04
        5.936    6.90031E-04
        5.984    6.31857E-04
        6.032    5.78952E-04
        6.080    5.30806E-04
        6.128    4.86963E-04
        6.176    4.47012E-04
        6.224    4.10584E-04
        6.272    3.77347E-04
        6.320    3.47003E-04
        6.368    3.19282E-04
        6.416    2.93943E-04
        6.464    2.70766E-04
        6.512    2.49555E-04
        6.560    2.30131E-04
        6.608    2.12333E-04
        6.656    1.96015E-04
        6.704    1.81047E-04
        6.752    1.67308E-04
        6.800    1.54691E-04
        6.848    1.43097E-04
        6.896    1.32439E-04
        6.944    1.22634E-04
        6.992    1.13610E-04
        7.040    1.05301E-04
        7.088    9.76457E-05
        7.136    9.05891E-05
        7.184    8.40812E-05
        7.232    7.80764E-05
        7.280    7.25329E-05
        7.328    6.74129E-05
        7.376    6.26817E-05
        7.424    5.83078E-05
        7.472    5.42623E-05
        7.520    5.05187E-05
        7.568    4.70530E-05
        7.616    4.38431E-05
        7.664    4.08687E-05
        7.712    3.81114E-05
        7.760    3.55542E-05
        7.808    3.31816E-05
        7.856    3.09793E-05
        7.904    2.89342E-05
        7.952    2.70344E-05
        8.000    2.52687E-05
        8.048    2.36270E-05
        8.096    2.21001E-05
        8.144    2.06792E-05
        8.192    1.93567E-05
        8.240    1.81250E-05
        8.288    1.69776E-05
        8.336    1.59084E-05
        8.384    1.49115E-05
        8.432    1.39818E-05
        8.480    1.31145E-05
        8.528    1.23049E-05
        8.576    1.15809E-05
        8.624    1.08734E-05
        8.672    1.02124E-05
        8.720    9.59460E-06
        8.768    9.01697E-06
        8.816    8.47670E-06
        8.864    7.97123E-06
        8.912    7.49816E-06
        8.960    7.05527E-06
        9.008    6.64050E-06
        9.056    6.25192E-06
        9.104    5.88778E-06
        9.152    5.54644E-06
        9.200    5.22636E-06
        9.248    4.92613E-06
        9.296    4.64443E-06
        9.344    4.38004E-06
        9.392    4.13182E-06
        9.440    3.89871E-06
        9.488    3.67973E-06
        9.536    3.47397E-06
        9.584    3.28057E-06
        9.632    3.09873E-06
        9.680    2.92771E-06
        9.728    2.76684E-06
        9.776    2.61546E-06
        9.824    2.47298E-06
        9.872    2.33883E-06
        9.920    2.21250E-06
        9.968    2.09349E-06
       10.016    1.98136E-06
       10.064    1.87568E-06
       10.112    1.77606E-06
       10.160    1.68211E-06
       10.208    1.59350E-06
       10.256    1.50991E-06
       10.304    1.43102E-06
       10.352    1.35655E-06
       10.400    1.28625E-06
       10.448    1.21986E-06
       10.496    1.15715E-06
       10.544    1.09790E-06
       10.592    1.04190E-06
       10.640    9.88974E-07
       10.688    9.38932E-07
       10.736    8.91608E-07
       10.784    8.46844E-07
       10.832    8.04493E-07
       10.880    7.64415E-07
       10.928    7.26479E-07
       10.976    6.90566E-07
       11.024    6.56556E-07
       11.072    6.24345E-07
       11.120    5.93830E-07
       11.168    5.64916E-07
       11.216    5.37512E-07
       11.264    5.11535E-07
       11.312    4.86905E-07
       11.360    4.63549E-07
       11.408    4.41394E-07
       11.456    4.20375E-07
       11.504    4.00431E-07
       11.552    3.81502E-07
       11.600    3.75026E-07
       11.648    3.57509E-07
       11.696    3.40870E-07
       11.744    3.25063E-07
       11.792    3.10043E-07
       11.840    2.95769E-07
       11.888    2.82200E-07
       11.936    2.69300E-07
       11.984    2.57033E-07
       12.032    2.45367E-07
       12.080    2.34269E-07
       12.128    2.23710E-07
       12.176    2.13662E-07
       12.224    2.04099E-07
       12.272    1.94995E-07
       12.320    1.86328E-07
       12.368    1.78074E-07
       12.416    1.70213E-07
       12.464    1.62725E-07
       12.512    1.55590E-07
       12.560    1.48792E-07
       12.608    1.42312E-07
       12.656    1.36136E-07
       12.704    1.30247E-07
       12.752    1.24632E-07
       12.800    1.19277E-07
       12.848    1.14169E-07
       12.896    1.09296E-07
       12.944    1.04646E-07
       12.992    1.00209E-07
       13.040    9.59735E-08
       13.088    9.19306E-08
       13.136    8.80705E-08
       13.184    8.43845E-08
       13.232    8.08642E-08
       13.280    7.75017E-08
       13.328    7.42892E-08
       13.376    7.12198E-08
       13.424    6.82867E-08
       13.472    6.54832E-08
       13.520    6.28033E-08
       13.568    6.02413E-08
       13.616    5.77915E-08
       13.664    5.54487E-08
       13.712    5.32079E-08
       13.760    5.10644E-08
       13.808    4.90136E-08
       13.856    4.70513E-08
       13.904    4.51734E-08
       13.952    4.33760E-08
       14.000    4.16554E-08
       14.048    4.00081E-08
       14.096    3.84308E-08
       14.144    3.69203E-08
       14.192    3.54736E-08
       14.240    3.40877E-08
       14.288    3.27601E-08
       14.336    3.14879E-08
       14.384    3.02689E-08
       14.432    2.91005E-08
       14.480    2.79806E-08
       14.528    2.69070E-08
       14.576    2.58776E-08
       14.624    2.48905E-08
       14.672    2.39440E-08
       14.720    2.30360E-08
       14.768    2.21651E-08
       14.816    2.13295E-08
       14.864    2.33823E-08
       14.912    2.25207E-08
       14.960    2.16932E-08
       15.008    2.08986E-08
       15.056    2.01353E-08
       15.104    1.94021E-08
       15.152    1.86976E-08
       15.200    1.80208E-08
       15.248    1.73703E-08
       15.296    1.67451E-08
       15.344    1.61442E-08
       15.392    1.55666E-08
       15.440    1.50112E-08
       15.488    1.44772E-08
       15.536    1.39636E-08
       15.584    1.34697E-08
       15.632    1.29946E-08
       15.680    1.25376E-08
       15.728    1.20980E-08
       15.776    1.16749E-08
       15.824    1.12678E-08
       15.872    1.08760E-08
       15.920    1.04989E-08
       15.968    1.01359E-08
       16.016    9.78648E-09
       16.064    9.45000E-09
       16.112    9.12600E-09
       16.160    8.81398E-09
       16.208    8.51347E-09
       16.256    8.22401E-09
       16.304    7.94516E-09
       16.352    7.67652E-09
       16.400    7.41767E-09
       16.448    7.16824E-09
       16.496    6.92786E-09
       16.544    6.69618E-09
       16.592    6.47285E-09
       16.640    6.25755E-09
       16.688    6.04998E-09
       16.736    5.84984E-09
       16.784    5.65685E-09
       16.832    5.47072E-09
       16.880    5.29120E-09
       16.928    5.11804E-09
       16.976    4.95100E-09
       17.024    4.78984E-09
       17.072    4.63434E-09
       17.120    4.48429E-09
       17.168    4.33948E-09
       17.216    4.19972E-09
       17.264    4.06482E-09
       17.312    3.93459E-09
       17.360    3.80887E-09
       17.408    3.68748E-09
       17.456    3.57027E-09
       17.504    3.45709E-09
       17.552    3.34777E-09
       17.600    3.24219E-09
       17.648    3.14020E-09
       17.696    3.04168E-09
       17.744    2.94649E-09
       17.792    2.85452E-09
       17.840    2.76565E-09
       17.888    2.67977E-09
       17.936    2.59677E-09
       17.984    2.51654E-09
       18.032    2.43899E-09
       18.080    2.36403E-09
       18.128    2.29155E-09
       18.176    2.22147E-09
       18.224    2.15370E-09
       18.272    2.08817E-09
       18.320    2.02479E-09
       18.368    1.96349E-09
       18.416    1.90420E-09
       18.464    1.84684E-09
       18.512    1.79134E-09
       18.560    1.73765E-09
       18.608    1.68570E-09
       18.656    1.63542E-09
       18.704    1.58676E-09
       18.752    1.53967E-09
       18.800    1.49409E-09
       18.848    1.44997E-09
       18.896    1.92076E-09
       18.944    1.86600E-09
       18.992    1.81292E-09
       19.040    1.76148E-09
       19.088    1.71163E-09
       19.136    1.66331E-09
       19.184    1.61646E-09
       19.232    1.57105E-09
       19.280    1.52702E-09
       19.328    1.48433E-09
       19.376    1.44294E-09
       19.424    1.40279E-09
       19.472    1.36386E-09
       19.520    1.32610E-09
       19.568    1.28948E-09
       19.616    1.25395E-09
       19.664    1.21949E-09
       19.712    1.18605E-09
       19.760    1.15361E-09
       19.808    1.12213E-09
       19.856    1.09158E-09
       19.904    1.06194E-09
       19.952    1.03317E-09
       20.000    1.00524E-09
       20.048    9.78135E-10
       20.096    9.51822E-10
       20.144    9.26278E-10
       20.192    9.01479E-10
       20.240    8.77399E-10
       20.288    8.54018E-10
       20.336    8.31313E-10
       20.384    8.09263E-10
       20.432    7.87849E-10
       20.480    7.67049E-10
       20.528    7.46846E-10
       20.576    7.27220E-10
       20.624    7.08154E-10
       20.672    6.89631E-10
       20.720    6.71635E-10
       20.768    6.54147E-10
       20.816    6.37155E-10
       20.864    6.20641E-10
       20.912    6.04592E-10
       20.960    5.88994E-10
       21.008    5.73834E-10
       21.056    5.59097E-10
       21.104    5.44770E-10
       21.152    5.30843E-10
       21.200    5.17302E-10
       21.248    5.04136E-10
       21.296    4.91335E-10
       21.344    4.78886E-10
       21.392    4.66780E-10
       21.440    4.55006E-10
       21.488    4.43555E-10
       21.536    4.32417E-10
       21.584    4.21583E-10
       21.632    4.11043E-10
       21.680    4.00790E-10
       21.728    3.90814E-10
       21.776    3.81109E-10
       21.824    3.71665E-10
       21.872    3.62476E-10
       21.920    3.53533E-10
       21.968    3.44830E-10
       22.016    3.36360E-10
       22.064    3.28116E-10
       22.112    3.20091E-10
       22.160    3.12280E-10
       22.208    3.04676E-10
       22.256    2.97273E-10
       22.304    2.90065E-10
       22.352    2.83048E-10
       22.400    2.76214E-10
       22.448    2.69561E-10
       22.496    2.63081E-10
       22.544    2.56770E-10
       22.592    2.50624E-10
       22.640    2.44639E-10
       22.688    2.38808E-10
       22.736    2.33128E-10
       22.784    2.27595E-10
       22.832    2.22205E-10
       22.880    2.16954E-10
       22.928    2.11838E-10
       22.976    2.06853E-10
       23.024    2.01995E-10
       23.072    1.97261E-10
       23.120    1.92648E-10
       23.168    1.88152E-10
       23.216    1.83770E-10
       23.264    1.79499E-10
       23.312    1.75336E-10
       23.360    1.71278E-10
       23.408    1.67323E-10
       23.456    1.63466E-10
       23.504    1.59706E-10
       23.552    1.56040E-10
       23.600    1.52466E-10
       23.648    1.48981E-10
       23.696    1.45582E-10
       23.744    1.42268E-10
       23.792    1.39035E-10
       23.840    1.35883E-10
       23.888    1.32808E-10
       23.936    1.29809E-10
       23.984    1.26883E-10
       24.032    1.24030E-10
       24.080    1.21246E-10
       24.128    1.18530E-10
       24.176    1.94997E-10
       24.224    1.90762E-10
       24.272    1.86629E-10
       24.320    1.82592E-10
       24.368    1.78650E-10
       24.416    1.74801E-10
       24.464    1.71043E-10
       24.512    1.67372E-10
       24.560    1.63787E-10
       24.608    1.60286E-10
       24.656    1.56866E-10
       24.704    1.53525E-10
       24.752    1.50262E-10
       24.800    1.47074E-10
       24.848    1.43960E-10
       24.896    1.40918E-10
       24.944    1.37946E-10
       24.992    1.35042E-10
       25.040    1.32204E-10
       25.088    1.29432E-10
       25.136    1.26722E-10
       25.184    1.24075E-10
       25.232    1.21487E-10
       25.280    1.18959E-10
       25.328    1.16487E-10
       25.376    1.14072E-10
       25.424    1.11711E-10
       25.472    1.09403E-10
       25.520    1.07147E-10
       25.568    1.04942E-10
       25.616    1.02786E-10
       25.664    1.00678E-10
       25.712    9.86179E-11
       25.760    9.66032E-11
       25.808    9.46333E-11
       25.856    9.27071E-11
       25.904    9.08237E-11
       25.952    8.89819E-11
       26.000    8.71807E-11
       26.048    8.54192E-11
       26.096    8.36965E-11
       26.144    8.20115E-11
       26.192    8.03636E-11
       26.240    7.87516E-11
       26.288    7.71749E-11
       26.336    7.56325E-11
       26.384    7.41237E-11
       26.432    7.26476E-11
       26.480    7.12036E-11
       26.528    6.97908E-11
       26.576    6.84085E-11
       26.624    6.70560E-11
       26.672    6.57326E-11
       26.720    6.44377E-11
       26.768    6.31705E-11
       26.816    6.19305E-11
       26.864    6.07169E-11
       26.912    5.95292E-11
       26.960    5.83669E-11
       27.008    5.72293E-11
       27.056    5.61157E-11
       27.104    5.50258E-11
       27.152    5.39589E-11
       27.200    5.29145E-11
       27.248    5.18922E-11
       27.296    5.08914E-11
       27.344    4.99115E-11
       27.392    4.89522E-11
       27.440    4.80130E-11
       27.488    4.70934E-11
       27.536    4.61930E-11
       27.584    4.53113E-11
       27.632    4.44479E-11
       27.680    4.36025E-11
       27.728    4.27745E-11
       27.776    4.19637E-11
       27.824    4.11696E-11
       27.872    4.03919E-11
       27.920    3.96301E-11
       27.968    3.88840E-11
       28.016    3.81532E-11
       28.064    3.74374E-11
       28.112    3.67362E-11
       28.160    3.60492E-11
       28.208    3.53763E-11
       28.256    3.47170E-11
       28.304    3.40711E-11
       28.352    3.34383E-11
       28.400    3.28183E-11
       28.448    3.22108E-11
       28.496    3.16156E-11
       28.544    3.10323E-11
       28.592    3.04607E-11
       28.640    2.99007E-11
       28.688    2.93518E-11
       28.736    2.88139E-11
       28.784    2.82867E-11
       28.832    2.77700E-11
       28.880    2.72636E-11
       28.928    2.67673E-11
       28.976    2.62808E-11
       29.024    2.58039E-11
       29.072    2.53364E-11
       29.120    2.48782E-11
       29.168    2.44290E-11
       29.216    2.39886E-11
       29.264    2.35569E-11
       29.312    2.31336E-11
       29.360    2.27186E-11
       29.408    2.23117E-11
       29.456    2.19128E-11
       29.504    2.15216E-11
       29.552    2.11380E-11
       29.600    2.07619E-11
       29.648    2.03930E-11
       29.696    2.00313E-11
       29.744    1.96766E-11
       29.792    1.93287E-11
       29.840    1.89875E-11
       29.888    1.86528E-11
       29.936    1.83246E-11
       29.984    1.80027E-11
       30.032    1.76869E-11
       30.080    1.73772E-11
       30.128    1.70734E-11
       30.176    1.67753E-11
       30.224    1.64830E-11
       30.272    1.61961E-11
       30.320    1.59147E-11
       30.368    1.56387E-11
       30.416    1.53678E-11
       30.464    1.51020E-11
       30.512    1.48413E-11
       30.560    1.45855E-11
       30.608    1.43344E-11
       30.656    1.40881E-11
       30.704    1.38464E-11
       30.752    1.36091E-11
       30.800    1.33764E-11
       30.848    1.31479E-11
       30.896    1.29237E-11
       30.944    1.27037E-11
       30.992    1.24877E-11
       31.040    1.22758E-11
       31.088    1.20677E-11
       31.136    1.18635E-11
       31.184    1.16631E-11
       31.232    1.14663E-11
       31.280    1.12732E-11
       31.328    1.10836E-11
       31.376    1.08975E-11
       31.424    1.07147E-11
       31.472    1.05353E-11
       31.520    1.03592E-11
       31.568    1.01863E-11
       31.616    1.00166E-11
       31.664    9.84988E-12
       31.712    9.68621E-12
       31.760    9.52550E-12
       31.808    9.36770E-12
       31.856    9.21275E-12
       31.904    9.06059E-12
       31.952    8.91116E-12
       32.000    8.76442E-12
       32.048    8.62031E-12
       32.096    8.47878E-12
       32.144    8.33977E-12
       32.192    8.20325E-12
       32.240    8.06918E-12
       32.288    7.93747E-12
       32.336    7.80812E-12
       32.384    7.68104E-12
       32.432    7.55624E-12
       32.480    7.43364E-12
       32.528    1.47373E-11
       32.576    1.45018E-11
       32.624    1.42704E-11
       32.672    1.40431E-11
       32.720    1.38196E-11
       32.768    1.36001E-11
       32.816    1.33843E-11
       32.864    1.31722E-11
       32.912    1.29638E-11
       32.960    1.27590E-11
       33.008    1.25577E-11
       33.056    1.23599E-11
       33.104    1.21655E-11
       33.152    1.19743E-11
       33.200    1.17865E-11
       33.248    1.16019E-11
       33.296    1.14204E-11
       33.344    1.12420E-11
       33.392    1.10666E-11
       33.440    1.08942E-11
       33.488    1.07247E-11
       33.536    1.05581E-11
       33.584    1.03943E-11
       33.632    1.02333E-11
       33.680    1.00750E-11
       33.728    9.91935E-12
       33.776    9.76632E-12
       33.824    9.61587E-12
       33.872    9.46792E-12
       33.920    9.32247E-12
       33.968    9.17943E-12
       34.016    9.03880E-12
       34.064    8.90050E-12
       34.112    8.76450E-12
       34.160    8.63077E-12
       34.208    8.49925E-12
       34.256    8.36992E-12
       34.304    8.24273E-12
       34.352    8.11764E-12
       34.400    7.99461E-12
       34.448    7.87362E-12
       34.496    7.75463E-12
       34.544    7.63758E-12
       34.592    7.52246E-12
       34.640    7.40922E-12
       34.688    7.29784E-12
       34.736    7.18828E-12
       34.784    7.08051E-12
       34.832    6.97450E-12
       34.880    6.87021E-12
       34.928    6.76763E-12
       34.976    6.66671E-12
       35.024    6.56742E-12
       35.072    6.46975E-12
       35.120    6.37366E-12
       35.168    6.27912E-12
       35.216    6.18610E-12
       35.264    6.09459E-12
       35.312    6.00454E-12
       35.360    5.91595E-12
       35.408    5.82877E-12
       35.456    5.74300E-12
       35.504    5.65860E-12
       35.552    5.57554E-12
       35.600    5.49382E-12
       35.648    5.41340E-12
       35.696    5.33426E-12
       35.744    5.25638E-12
       35.792    5.17973E-12
       35.840    5.10430E-12
       35.888    5.03007E-12
       35.936    4.95701E-12
       35.984    4.88510E-12
       36.032    4.81433E-12
       36.080    4.74467E-12
       36.128    4.67612E-12
       36.176    4.60864E-12
       36.224    4.54222E-12
       36.272    4.47684E-12
       36.320    4.41249E-12
       36.368    4.34914E-12
       36.416    4.28678E-12
       36.464    4.22539E-12
       36.512    4.16496E-12
       36.560    4.10547E-12
       36.608    4.04691E-12
       36.656    3.98925E-12
       36.704    3.93249E-12
       36.752    3.87661E-12
       36.800    3.82159E-12
       36.848    3.76742E-12
       36.896    3.71408E-12
       36.944    3.66157E-12
       36.992    3.60987E-12
       37.040    3.55896E-12
       37.088    3.50883E-12
       37.136    3.45947E-12
       37.184    3.41086E-12
       37.232    3.36300E-12
       37.280    3.31587E-12
       37.328    3.26946E-12
       37.376    3.22375E-12
       37.424    3.17874E-12
       37.472    3.13441E-12
       37.520    3.09076E-12
       37.568    3.04776E-12
       37.616    3.00542E-12
       37.664    2.96372E-12
       37.712    2.92265E-12
       37.760    2.88219E-12
       37.808    2.84235E-12
       37.856    2.80311E-12
       37.904    2.76445E-12
       37.952    2.72638E-12
       38.000    2.68887E-12
       38.048    2.65193E-12
       38.096    2.61554E-12
       38.144    2.57969E-12
       38.192    2.54438E-12
       38.240    2.50959E-12
       38.288    2.47532E-12
       38.336    2.44156E-12
       38.384    2.40830E-12
       38.432    2.37553E-12
       38.480    2.34325E-12
       38.528    2.31145E-12
       38.576    2.28011E-12
       38.624    2.24924E-12
       38.672    2.21882E-12
       38.720    2.18885E-12
       38.768    2.15933E-12
       38.816    2.13023E-12
       38.864    2.10156E-12
       38.912    2.07331E-12
       38.960    2.04548E-12
       39.008    2.01805E-12
       39.056    1.99102E-12
       39.104    1.96438E-12
       39.152    1.93813E-12
       39.200    1.91227E-12
       39.248    1.88677E-12
       39.296    1.86165E-12
       39.344    1.83690E-12
       39.392    1.81250E-12
       39.440    1.78845E-12
       39.488    1.76475E-12
       39.536    1.74140E-12
       39.584    1.71837E-12
       39.632    1.69568E-12
       39.680    1.67332E-12
       39.728    1.65128E-12
       39.776    1.62955E-12
       39.824    1.60813E-12
       39.872    1.58702E-12
       39.920    1.56622E-12
       39.968    1.54571E-12
       40.016    1.52549E-12
       40.064    1.50555E-12
       40.112    1.48591E-12
       40.160    1.46654E-12
       40.208    1.44744E-12
       40.256    1.42862E-12
       40.304    1.41006E-12
       40.352    1.39177E-12
       40.400    1.37373E-12
       40.448    1.35595E-12
       40.496    1.33841E-12
       40.544    1.32113E-12
       40.592    1.30409E-12
       40.640    1.28728E-12
       40.688    1.27072E-12
       40.736    1.25438E-12
       40.784    1.23827E-12
       40.832    1.22239E-12
       40.880    1.20673E-12
       40.928    1.19129E-12
       40.976    1.17606E-12
       41.024    1.16104E-12
       41.072    1.14624E-12
       41.120    1.13164E-12
       41.168    1.11724E-12
       41.216    1.10304E-12
       41.264    1.08903E-12
       41.312    1.07522E-12
       41.360    1.06160E-12
       41.408    1.04817E-12
       41.456    1.03493E-12
       41.504    1.02186E-12
       41.552    1.00897E-12
       41.600    9.96267E-13
       41.648    9.83733E-13
       41.696    9.71370E-13
       41.744    9.59176E-13
       41.792    9.47149E-13
       41.840    9.35286E-13
       41.888    9.23585E-13
       41.936    9.12042E-13
       41.984    9.00657E-13
       42.032    8.89427E-13
       42.080    8.78348E-13
       42.128    8.67420E-13
       42.176    8.56641E-13
       42.224    8.46007E-13
       42.272    8.35516E-13
       42.320    8.25167E-13
       42.368    8.14957E-13
       42.416    8.04884E-13
       42.464    7.94948E-13
       42.512    7.85144E-13
       42.560    7.75472E-13
       42.608    7.65930E-13
       42.656    7.56516E-13
       42.704    7.47228E-13
       42.752    7.38063E-13
       42.800    7.29021E-13
       42.848    7.20099E-13
       42.896    7.11297E-13
       42.944    7.02611E-13
       42.992    6.94040E-13
       43.040    6.85584E-13
       43.088    6.77239E-13
       43.136    6.69005E-13
       43.184    6.60880E-13
       43.232    6.52862E-13
       43.280    6.44951E-13
       43.328    6.37144E-13
       43.376    6.29439E-13
       43.424    6.21835E-13
       43.472    6.14332E-13
       43.520    6.06927E-13
       43.568    5.99619E-13
       43.616    5.92407E-13
       43.664    5.85289E-13
       43.712    5.78265E-13
       43.760    5.71332E-13
       43.808    5.64490E-13
       43.856    5.57736E-13
       43.904    5.51071E-13
       43.952    5.44492E-13
       44.000    5.37999E-13
       44.048    5.31590E-13
       44.096    5.25264E-13
       44.144    5.19020E-13
       44.192    5.12857E-13
       44.240    5.06773E-13
       44.288    5.00768E-13
       44.336    4.94840E-13
       44.384    4.88989E-13
       44.432    4.83213E-13
       44.480    4.77511E-13
       44.528    4.71882E-13
       44.576    4.66326E-13
       44.624    4.60840E-13
       44.672    4.55425E-13
       44.720    4.50079E-13
       44.768    4.44802E-13
       44.816    4.39592E-13
       44.864    4.34448E-13
       44.912    4.29370E-13
       44.960    4.24356E-13
       45.008    4.19406E-13
       45.056    4.14518E-13
       45.104    4.09693E-13
       45.152    4.04929E-13
       45.200    4.00225E-13
       45.248    3.95581E-13
       45.296    3.90995E-13
       45.344    3.86467E-13
       45.392    3.81996E-13
       45.440    3.77582E-13
       45.488    3.73222E-13
       45.536    3.68918E-13
       45.584    3.64668E-13
       45.632    3.60470E-13
       45.680    3.56326E-13
       45.728    3.52233E-13
       45.776    3.48192E-13
       45.824    3.44201E-13
       45.872    3.40259E-13
       45.920    3.36367E-13
       45.968    3.32524E-13
       46.016    3.28728E-13
       46.064    3.24979E-13
       46.112    3.21276E-13
       46.160    3.17620E-13
       46.208    3.14009E-13
       46.256    3.10442E-13
       46.304    3.06920E-13
       46.352    3.03441E-13
       46.400    3.00005E-13
       46.448    2.96611E-13
       46.496    2.93259E-13
       46.544    2.89949E-13
       46.592    2.86679E-13
       46.640    2.83449E-13
       46.688    2.80258E-13
       46.736    2.77107E-13
       46.784    2.73994E-13
       46.832    2.70920E-13
       46.880    2.67883E-13
       46.928    2.64883E-13
       46.976    2.61919E-13
       47.024    2.58992E-13
       47.072    2.56100E-13
       47.120    2.53243E-13
       47.168    2.50421E-13
       47.216    2.47633E-13
       47.264    2.44879E-13
       47.312    2.42158E-13
       47.360    2.39471E-13
       47.408    2.36815E-13
       47.456    2.34192E-13
       47.504    2.31600E-13
       47.552    2.29039E-13
       47.600    2.26510E-13
       47.648    2.24011E-13
       47.696    2.21541E-13
       47.744    2.19101E-13
       47.792    2.16691E-13
       47.840    2.14309E-13
       47.888    2.11956E-13
       47.936    2.09631E-13
       47.984    2.07334E-13
       48.032    2.05064E-13
       48.080    2.02821E-13
       48.128    2.00605E-13
       48.176    1.98415E-13
       48.224    1.96251E-13
       48.272    1.94113E-13
       48.320    1.92000E-13
       48.368    1.89913E-13
       48.416    1.87850E-13
       48.464    1.85811E-13
       48.512    1.83796E-13
       48.560    1.81805E-13
       48.608    1.79838E-13
       48.656    1.77894E-13
       48.704    1.75972E-13
       48.752    1.74074E-13
       48.800    1.72197E-13
       48.848    1.70343E-13
       48.896    1.68510E-13
       48.944    1.66699E-13
       48.992    1.64908E-13
       49.040    1.63139E-13
       49.088    1.61391E-13
       49.136    1.59663E-13
       49.184    1.57955E-13
       49.232    1.56266E-13
       49.280    1.54598E-13
       49.328    1.52949E-13
       49.376    1.51319E-13
       49.424    1.49708E-13
       49.472    1.48115E-13
       49.520    1.46541E-13
       49.568    1.44985E-13
       49.616    1.43448E-13
       49.664    1.41927E-13
       49.712    1.40425E-13
       49.760    1.38940E-13
       49.808    1.37472E-13
       49.856    1.36020E-13
       49.904    1.34586E-13
       49.952    1.33168E-13
       50.000    1.31766E-13
