          %pt            Sj
        0.057    4.21886E-05
        0.063    4.62602E-05
        0.069    5.04032E-05
        0.076    5.46192E-05
        0.082    5.89342E-05
        0.089    6.33944E-05
        0.095    6.79895E-05
        0.102    7.27306E-05
        0.109    7.76281E-05
        0.115    8.26731E-05
        0.122    8.79091E-05
        0.128    9.33270E-05
        0.134    9.89338E-05
        0.141    1.04723E-04
        0.147    1.10727E-04
        0.154    1.16832E-04
        0.161    1.23226E-04
        0.167    1.29847E-04
        0.174    1.36702E-04
        0.180    1.43784E-04
        0.186    1.51096E-04
        0.193    1.58629E-04
        0.199    1.66412E-04
        0.206    1.74420E-04
        0.212    1.82688E-04
        0.219    1.91203E-04
        0.226    1.99956E-04
        0.232    2.08974E-04
        0.238    2.18247E-04
        0.245    2.27778E-04
        0.252    2.37569E-04
        0.258    2.47586E-04
        0.264    2.57902E-04
        0.271    2.68467E-04
        0.278    2.79317E-04
        0.284    2.90437E-04
        0.291    3.01815E-04
        0.297    3.13479E-04
        0.304    3.25417E-04
        0.310    3.37631E-04
        0.317    3.50122E-04
        0.323    3.62892E-04
        0.330    3.75930E-04
        0.336    3.89243E-04
        0.343    4.02855E-04
        0.349    4.16750E-04
        0.356    4.30930E-04
        0.362    4.45360E-04
        0.369    4.60098E-04
        0.375    4.75135E-04
        0.382    4.90451E-04
        0.388    5.06042E-04
        0.395    5.21945E-04
        0.401    5.38139E-04
        0.407    5.54616E-04
        0.414    5.71382E-04
        0.421    5.88434E-04
        0.427    6.05799E-04
        0.434    6.23450E-04
        0.440    6.41405E-04
        0.447    6.59656E-04
        0.453    6.78205E-04
        0.460    6.97043E-04
        0.466    7.16176E-04
        0.473    7.35621E-04
        0.479    7.55367E-04
        0.486    7.75405E-04
        0.492    7.95754E-04
        0.499    8.16405E-04
        0.505    8.37344E-04
        0.512    8.58604E-04
        0.518    8.80149E-04
        0.525    9.02021E-04
        0.531    9.24201E-04
        0.538    9.46689E-04
        0.544    9.69487E-04
        0.551    9.92587E-04
        0.557    1.01598E-03
        0.563    1.03971E-03
        0.570    1.06376E-03
        0.576    1.08811E-03
        0.583    1.11278E-03
        0.590    1.13777E-03
        0.596    1.16308E-03
        0.603    1.18872E-03
        0.609    1.21465E-03
        0.616    1.24092E-03
        0.622    1.26747E-03
        0.628    1.29440E-03
        0.635    1.32164E-03
        0.641    1.34922E-03
        0.648    1.37713E-03
        0.655    1.40536E-03
        0.661    1.43380E-03
        0.668    1.46270E-03
        0.674    1.49191E-03
        0.681    1.52149E-03
        0.687    1.55141E-03
        0.693    1.58167E-03
        0.700    1.61228E-03
        0.706    1.64322E-03
        0.713    1.67452E-03
        0.720    1.70617E-03
        0.726    1.73815E-03
        0.733    1.77051E-03
        0.739    1.80323E-03
        0.746    1.83630E-03
        0.752    1.86974E-03
        0.759    1.90354E-03
        0.765    1.93768E-03
        0.771    1.97220E-03
        0.778    2.00709E-03
        0.785    2.04237E-03
        0.791    2.07803E-03
        0.798    2.11406E-03
        0.804    2.15047E-03
        0.811    2.18726E-03
        0.817    2.22445E-03
        0.824    2.26203E-03
        0.830    2.30000E-03
        0.836    2.33836E-03
        0.843    2.37713E-03
        0.850    2.41629E-03
        0.856    2.45585E-03
        0.863    2.49581E-03
        0.869    2.53619E-03
        0.876    2.57700E-03
        0.882    2.61823E-03
        0.889    2.65987E-03
        0.895    2.70193E-03
        0.901    2.74443E-03
        0.908    2.78736E-03
        0.914    2.83072E-03
        0.921    2.87452E-03
        0.928    2.91876E-03
        0.934    2.96346E-03
        0.941    3.00859E-03
        0.947    3.05412E-03
        0.954    3.10017E-03
        0.960    3.14669E-03
        0.966    3.19366E-03
        0.973    3.24112E-03
        0.979    3.28904E-03
        0.986    3.33744E-03
        0.993    3.38631E-03
        0.999    3.43568E-03
        1.005    3.48554E-03
        1.012    3.53589E-03
        1.018    3.58672E-03
        1.025    3.63805E-03
        1.031    3.68991E-03
        1.038    3.74225E-03
        1.044    3.79512E-03
        1.051    3.84852E-03
        1.058    3.90245E-03
        1.064    3.95690E-03
        1.070    4.01187E-03
        1.077    4.06739E-03
        1.083    4.12345E-03
        1.090    4.18005E-03
        1.096    4.23720E-03
        1.103    4.29491E-03
        1.109    4.35317E-03
        1.116    4.41199E-03
        1.122    4.47139E-03
        1.129    4.53136E-03
        1.135    4.59190E-03
        1.142    4.65302E-03
        1.148    4.71474E-03
        1.155    4.77704E-03
        1.161    4.83994E-03
        1.168    4.90343E-03
        1.174    4.96754E-03
        1.181    5.03221E-03
        1.188    5.09753E-03
        1.194    5.16345E-03
        1.201    5.23001E-03
        1.207    5.29720E-03
        1.213    5.36500E-03
        1.220    5.43346E-03
        1.226    5.50256E-03
        1.233    5.57230E-03
        1.239    5.64269E-03
        1.246    5.71373E-03
        1.252    5.78543E-03
        1.259    5.85779E-03
        1.265    5.93083E-03
        1.272    6.00453E-03
        1.278    6.07891E-03
        1.285    6.15397E-03
        1.291    6.22971E-03
        1.298    6.30615E-03
        1.304    6.38326E-03
        1.311    6.46108E-03
        1.317    6.53960E-03
        1.324    6.61883E-03
        1.331    6.69876E-03
        1.337    6.77941E-03
        1.343    6.86078E-03
        1.350    6.94288E-03
        1.356    7.02569E-03
        1.363    7.10923E-03
        1.369    7.19348E-03
        1.376    7.27850E-03
        1.382    7.36425E-03
        1.389    7.45074E-03
        1.395    7.53798E-03
        1.402    7.62598E-03
        1.408    7.71473E-03
        1.415    7.80424E-03
        1.421    7.89451E-03
        1.428    7.98553E-03
        1.434    8.07733E-03
        1.441    8.16991E-03
        1.447    8.26325E-03
        1.454    8.35738E-03
        1.461    8.45228E-03
        1.467    8.54797E-03
        1.473    8.64444E-03
        1.480    8.74169E-03
        1.486    8.83974E-03
        1.493    8.93858E-03
        1.499    9.03821E-03
        1.506    9.13865E-03
        1.512    9.23989E-03
        1.519    9.34192E-03
        1.525    9.44475E-03
        1.532    9.54840E-03
        1.538    9.65284E-03
        1.545    9.75809E-03
        1.551    9.86416E-03
        1.558    9.97104E-03
        1.564    1.00787E-02
        1.571    1.01872E-02
        1.577    1.02966E-02
        1.584    1.04067E-02
        1.590    1.05176E-02
        1.597    1.06294E-02
        1.604    1.07420E-02
        1.610    1.08554E-02
        1.616    1.09696E-02
        1.623    1.10847E-02
        1.629    1.12005E-02
        1.636    1.13172E-02
        1.642    1.14347E-02
        1.649    1.15531E-02
        1.655    1.16722E-02
        1.662    1.17922E-02
        1.668    1.19129E-02
        1.675    1.20345E-02
        1.681    1.21569E-02
        1.688    1.22802E-02
        1.694    1.24042E-02
        1.701    1.25291E-02
        1.707    1.26547E-02
        1.714    1.27812E-02
        1.720    1.29085E-02
        1.727    1.30366E-02
        1.734    1.31655E-02
        1.740    1.32951E-02
        1.746    1.34256E-02
        1.753    1.35569E-02
        1.759    1.36890E-02
        1.766    1.38218E-02
        1.772    1.39555E-02
        1.779    1.40899E-02
        1.785    1.42251E-02
        1.792    1.43611E-02
        1.798    1.44978E-02
        1.805    1.46353E-02
        1.811    1.47736E-02
        1.818    1.49127E-02
        1.824    1.50525E-02
        1.831    1.51930E-02
        1.837    1.53343E-02
        1.844    1.54763E-02
        1.850    1.56191E-02
        1.857    1.57625E-02
        1.863    1.59068E-02
        1.870    1.60517E-02
        1.877    1.61973E-02
        1.883    1.63436E-02
        1.889    1.64907E-02
        1.896    1.66384E-02
        1.902    1.67868E-02
        1.909    1.69359E-02
        1.915    1.70857E-02
        1.922    1.72361E-02
        1.928    1.73872E-02
        1.935    1.75389E-02
        1.941    1.76912E-02
        1.948    1.78442E-02
        1.954    1.79979E-02
        1.961    1.81521E-02
        1.967    1.83069E-02
        1.974    1.84624E-02
        1.980    1.86184E-02
        1.987    1.87750E-02
        1.993    1.89321E-02
        2.000    1.90899E-02
        2.007    1.92481E-02
        2.013    1.94069E-02
        2.020    1.95663E-02
        2.026    1.97261E-02
        2.033    1.98865E-02
        2.039    2.00473E-02
        2.046    2.02086E-02
        2.052    2.03704E-02
        2.059    2.05327E-02
        2.065    2.06954E-02
        2.072    2.08586E-02
        2.078    2.10221E-02
        2.084    2.11861E-02
        2.091    2.13505E-02
        2.097    2.15152E-02
        2.104    2.16804E-02
        2.110    2.18458E-02
        2.117    2.20117E-02
        2.123    2.21778E-02
        2.130    2.23443E-02
        2.136    2.25111E-02
        2.143    2.26782E-02
        2.149    2.28455E-02
        2.156    2.30131E-02
        2.162    2.31810E-02
        2.169    2.33491E-02
        2.175    2.35174E-02
        2.182    2.36858E-02
        2.188    2.38545E-02
        2.195    2.40233E-02
        2.201    2.41923E-02
        2.208    2.43614E-02
        2.214    2.45306E-02
        2.221    2.47000E-02
        2.227    2.48694E-02
        2.234    2.50389E-02
        2.240    2.52084E-02
        2.247    2.53779E-02
        2.253    2.55475E-02
        2.260    2.57171E-02
        2.266    2.58866E-02
        2.273    2.60561E-02
        2.280    2.62255E-02
        2.286    2.63948E-02
        2.293    2.65641E-02
        2.299    2.67332E-02
        2.306    2.69022E-02
        2.312    2.70710E-02
        2.319    2.72397E-02
        2.325    2.74081E-02
        2.332    2.75764E-02
        2.338    2.77444E-02
        2.345    2.79121E-02
        2.351    2.80795E-02
        2.357    2.82467E-02
        2.364    2.84135E-02
        2.370    2.85800E-02
        2.377    2.87462E-02
        2.383    2.89119E-02
        2.390    2.90773E-02
        2.396    2.92422E-02
        2.403    2.94066E-02
        2.409    2.95706E-02
        2.416    2.97341E-02
        2.422    2.98971E-02
        2.429    3.00596E-02
        2.435    3.02215E-02
        2.442    3.03828E-02
        2.448    3.05435E-02
        2.455    3.07035E-02
        2.461    3.08629E-02
        2.468    3.10217E-02
        2.474    3.11797E-02
        2.481    3.13370E-02
        2.487    3.14936E-02
        2.494    3.16494E-02
        2.500    3.18044E-02
        2.507    3.19586E-02
        2.513    3.21119E-02
        2.520    3.22644E-02
        2.526    3.24160E-02
        2.533    3.25667E-02
        2.539    3.27164E-02
        2.546    3.28652E-02
        2.553    3.30130E-02
        2.559    3.31598E-02
        2.566    3.33055E-02
        2.572    3.34502E-02
        2.579    3.35938E-02
        2.585    3.37363E-02
        2.592    3.38776E-02
        2.598    3.40178E-02
        2.605    3.41568E-02
        2.611    3.42946E-02
        2.618    3.44312E-02
        2.624    3.45665E-02
        2.630    3.47005E-02
        2.637    3.48331E-02
        2.643    3.49645E-02
        2.650    3.50945E-02
        2.656    3.52231E-02
        2.663    3.53503E-02
        2.669    3.54761E-02
        2.676    3.56004E-02
        2.682    3.57232E-02
        2.689    3.58445E-02
        2.695    3.59643E-02
        2.702    3.60825E-02
        2.708    3.61991E-02
        2.715    3.63142E-02
        2.721    3.64275E-02
        2.728    3.65393E-02
        2.734    3.66493E-02
        2.741    3.67576E-02
        2.747    3.68642E-02
        2.754    3.69690E-02
        2.760    3.70721E-02
        2.767    3.71733E-02
        2.773    3.72727E-02
        2.780    3.73703E-02
        2.786    3.74659E-02
        2.793    3.75597E-02
        2.799    3.76515E-02
        2.806    3.77414E-02
        2.812    3.78293E-02
        2.819    3.79152E-02
        2.826    3.79991E-02
        2.832    3.80809E-02
        2.839    3.81607E-02
        2.845    3.82383E-02
        2.852    3.83139E-02
        2.858    3.83873E-02
        2.865    3.84586E-02
        2.871    3.85277E-02
        2.878    3.85946E-02
        2.884    3.86592E-02
        2.891    3.87217E-02
        2.897    3.87818E-02
        2.903    3.88397E-02
        2.910    3.88952E-02
        2.916    3.89485E-02
        2.923    3.89994E-02
        2.929    3.90479E-02
        2.936    3.90940E-02
        2.942    3.91377E-02
        2.949    3.91790E-02
        2.955    3.92179E-02
        2.962    3.92542E-02
        2.968    3.92882E-02
        2.975    3.93196E-02
        2.981    3.93484E-02
        2.988    3.93748E-02
        2.994    3.93986E-02
        3.001    3.94198E-02
        3.007    3.94385E-02
        3.014    3.94545E-02
        3.020    3.94680E-02
        3.027    3.94788E-02
        3.033    3.94870E-02
        3.040    3.94925E-02
        3.046    3.94953E-02
        3.053    3.94954E-02
        3.059    3.94929E-02
        3.066    3.94876E-02
        3.072    3.94796E-02
        3.079    3.94689E-02
        3.086    3.94554E-02
        3.092    3.94392E-02
        3.099    3.94202E-02
        3.105    3.93984E-02
        3.112    3.93738E-02
        3.118    3.93465E-02
        3.125    3.93163E-02
        3.131    3.92833E-02
        3.138    3.92475E-02
        3.144    3.92089E-02
        3.151    3.91674E-02
        3.157    3.91231E-02
        3.164    3.90760E-02
        3.170    3.90260E-02
        3.176    3.89732E-02
        3.183    3.89175E-02
        3.189    3.88589E-02
        3.196    3.87975E-02
        3.202    3.87332E-02
        3.209    3.86661E-02
        3.215    3.85960E-02
        3.222    3.85232E-02
        3.228    3.84474E-02
        3.235    3.83688E-02
        3.241    3.82874E-02
        3.248    3.82030E-02
        3.254    3.81159E-02
        3.261    3.80259E-02
        3.267    3.79330E-02
        3.274    3.78373E-02
        3.280    3.77388E-02
        3.287    3.76374E-02
        3.293    3.75332E-02
        3.300    3.74262E-02
        3.306    3.73164E-02
        3.313    3.72038E-02
        3.319    3.70885E-02
        3.326    3.69704E-02
        3.332    3.68495E-02
        3.339    3.67259E-02
        3.345    3.65995E-02
        3.352    3.64704E-02
        3.359    3.63387E-02
        3.365    3.62042E-02
        3.372    3.60671E-02
        3.378    3.59274E-02
        3.385    3.57850E-02
        3.391    3.56400E-02
        3.398    3.54923E-02
        3.404    3.53422E-02
        3.411    3.51894E-02
        3.417    3.50341E-02
        3.424    3.48764E-02
        3.430    3.47162E-02
        3.436    3.45535E-02
        3.443    3.43884E-02
        3.449    3.42208E-02
        3.456    3.40510E-02
        3.462    3.38788E-02
        3.469    3.37042E-02
        3.475    3.35274E-02
        3.482    3.33483E-02
        3.488    3.31671E-02
        3.495    3.29836E-02
        3.501    3.27980E-02
        3.508    3.26103E-02
        3.514    3.24205E-02
        3.521    3.22286E-02
        3.527    3.20348E-02
        3.534    3.18389E-02
        3.540    3.16412E-02
        3.547    3.14416E-02
        3.553    3.12401E-02
        3.560    3.10369E-02
        3.566    3.08318E-02
        3.573    3.06251E-02
        3.579    3.04167E-02
        3.586    3.02067E-02
        3.592    2.99951E-02
        3.599    2.97820E-02
        3.605    2.95674E-02
        3.612    2.93514E-02
        3.618    2.91340E-02
        3.625    2.89153E-02
        3.632    2.86953E-02
        3.638    2.84741E-02
        3.645    2.82518E-02
        3.651    2.80283E-02
        3.658    2.78038E-02
        3.664    2.75783E-02
        3.671    2.73519E-02
        3.677    2.71245E-02
        3.684    2.68964E-02
        3.690    2.66675E-02
        3.697    2.64379E-02
        3.703    2.62077E-02
        3.709    2.59770E-02
        3.716    2.57457E-02
        3.722    2.55139E-02
        3.729    2.52818E-02
        3.735    2.50494E-02
        3.742    2.48167E-02
        3.748    2.45839E-02
        3.755    2.43510E-02
        3.761    2.41180E-02
        3.768    2.38850E-02
        3.774    2.36521E-02
        3.781    2.34194E-02
        3.787    2.31870E-02
        3.794    2.29548E-02
        3.800    2.27231E-02
        3.807    2.24917E-02
        3.813    2.22609E-02
        3.820    2.20307E-02
        3.826    2.18012E-02
        3.833    2.15724E-02
        3.839    2.13444E-02
        3.846    2.11173E-02
        3.852    2.08912E-02
        3.859    2.06661E-02
        3.865    2.04421E-02
        3.872    2.02193E-02
        3.878    1.99977E-02
        3.885    1.97775E-02
        3.891    1.95587E-02
        3.898    1.93413E-02
        3.905    1.91255E-02
        3.911    1.89112E-02
        3.918    1.86986E-02
        3.924    1.84878E-02
        3.931    1.82787E-02
        3.937    1.80716E-02
        3.944    1.78664E-02
        3.950    1.76631E-02
        3.957    1.74619E-02
        3.963    1.72628E-02
        3.970    1.70658E-02
        3.976    1.68711E-02
        3.982    1.66649E-04
        3.989    1.64883E-02
        3.995    1.63004E-02
        4.002    1.58619E-02
        4.009    1.56824E-02
        4.015    1.55052E-02
        4.022    1.53301E-02
        4.028    1.51572E-02
        4.035    1.49865E-02
        4.041    1.48179E-02
        4.048    1.46513E-02
        4.054    1.44869E-02
        4.061    1.43244E-02
        4.067    1.41640E-02
        4.074    1.40055E-02
        4.080    1.38490E-02
        4.087    1.36944E-02
        4.093    1.35416E-02
        4.100    1.33908E-02
        4.106    1.32418E-02
        4.113    1.30946E-02
        4.119    1.29493E-02
        4.126    1.28056E-02
        4.132    1.26638E-02
        4.139    1.25236E-02
        4.145    1.23852E-02
        4.152    1.22485E-02
        4.158    1.21134E-02
        4.165    1.19799E-02
        4.171    1.18415E-02
        4.178    1.17179E-02
        4.184    1.15892E-02
        4.191    1.14621E-02
        4.197    1.13365E-02
        4.204    1.12124E-02
        4.210    1.10899E-02
        4.217    1.09687E-02
        4.223    1.08491E-02
        4.230    1.07309E-02
        4.236    1.06141E-02
        4.243    1.04987E-02
        4.249    1.03847E-02
        4.256    1.02720E-02
        4.262    1.01607E-02
        4.269    1.00506E-02
        4.275    9.94197E-03
        4.282    9.83457E-03
        4.288    9.72845E-03
        4.295    9.62358E-03
        4.301    9.51997E-03
        4.308    9.41757E-03
        4.314    9.31638E-03
        4.321    9.21638E-03
        4.327    9.11756E-03
        4.334    9.01990E-03
        4.340    8.92341E-03
        4.347    8.82804E-03
        4.353    8.73381E-03
        4.360    8.64067E-03
        4.366    8.54862E-03
        4.373    8.45767E-03
        4.379    8.36777E-03
        4.385    8.27889E-03
        4.392    8.19108E-03
        4.398    8.10429E-03
        4.405    8.01850E-03
        4.411    7.93374E-03
        4.418    7.84993E-03
        4.424    7.76711E-03
        4.431    7.68524E-03
        4.438    7.60433E-03
        4.444    7.52434E-03
        4.451    7.44529E-03
        4.457    7.36714E-03
        4.464    7.28990E-03
        4.470    7.21356E-03
        4.477    7.13808E-03
        4.483    7.06347E-03
        4.490    6.98973E-03
        4.496    6.91682E-03
        4.503    6.84475E-03
        4.509    6.77351E-03
        4.516    6.70308E-03
        4.522    6.63346E-03
        4.529    6.56463E-03
        4.535    6.49659E-03
        4.542    6.42933E-03
        4.548    6.36283E-03
        4.555    6.29708E-03
        4.561    6.23208E-03
        4.568    6.16782E-03
        4.574    6.10430E-03
        4.581    6.04148E-03
        4.587    5.97937E-03
        4.594    5.91797E-03
        4.600    5.85727E-03
        4.607    5.79725E-03
        4.613    5.73790E-03
        4.620    5.67922E-03
        4.626    5.62118E-03
        4.633    5.56386E-03
        4.639    5.50713E-03
        4.646    5.45104E-03
        4.652    5.39557E-03
        4.659    5.34073E-03
        4.665    5.28653E-03
        4.672    5.23290E-03
        4.678    5.17988E-03
        4.685    5.12743E-03
        4.691    5.07558E-03
        4.698    5.02430E-03
        4.704    4.97360E-03
        4.711    4.92345E-03
        4.717    4.87387E-03
        4.724    4.82483E-03
        4.730    4.77633E-03
        4.737    4.72838E-03
        4.743    4.68094E-03
        4.750    4.63403E-03
        4.756    4.58763E-03
        4.763    4.54176E-03
        4.769    4.49639E-03
        4.776    4.45152E-03
        4.782    4.40713E-03
        4.789    4.36323E-03
        4.795    4.31981E-03
        4.802    4.27687E-03
        4.808    4.23439E-03
        4.815    4.19239E-03
        4.821    4.15084E-03
        4.828    4.10975E-03
        4.834    4.06909E-03
        4.841    4.02892E-03
        4.847    3.98915E-03
        4.854    3.94981E-03
        4.860    3.91089E-03
        4.867    3.87239E-03
        4.873    3.83433E-03
        4.880    3.79665E-03
        4.886    3.75938E-03
        4.893    3.72252E-03
        4.899    3.68606E-03
        4.906    3.64998E-03
        4.912    3.61429E-03
        4.919    3.57899E-03
        4.925    3.54406E-03
        4.931    3.50951E-03
        4.938    3.47533E-03
        4.944    1.34619E-03
        4.951    3.40805E-03
        4.957    3.37496E-03
        4.964    3.34221E-03
        4.970    3.30987E-03
        4.977    3.27782E-03
        4.984    3.24611E-03
        4.990    3.21475E-03
        4.997    3.18371E-03
        5.003    3.15300E-03
        5.010    3.12263E-03
        5.016    3.09257E-03
        5.023    3.06283E-03
        5.029    3.03340E-03
        5.036    3.00428E-03
        5.042    2.97547E-03
        5.049    2.94697E-03
        5.055    2.91879E-03
        5.062    2.89089E-03
        5.068    2.86327E-03
        5.075    2.83594E-03
        5.081    2.80891E-03
        5.088    2.78215E-03
        5.094    2.75568E-03
        5.101    2.72947E-03
        5.107    2.70355E-03
        5.114    2.67790E-03
        5.120    2.65251E-03
        5.127    2.62738E-03
        5.133    2.60251E-03
        5.140    2.57791E-03
        5.146    2.55360E-03
        5.153    2.52951E-03
        5.159    2.50567E-03
        5.166    2.48208E-03
        5.172    2.45873E-03
        5.179    2.43562E-03
        5.185    2.41275E-03
        5.192    2.39010E-03
        5.198    2.36771E-03
        5.205    2.34554E-03
        5.211    2.32360E-03
        5.218    2.30188E-03
        5.224    2.28041E-03
        5.231    2.25913E-03
        5.237    2.23808E-03
        5.244    2.21724E-03
        5.250    2.19658E-03
        5.257    2.17616E-03
        5.263    2.15596E-03
        5.270    2.13596E-03
        5.276    2.11616E-03
        5.283    2.09656E-03
        5.289    2.07717E-03
        5.296    2.05797E-03
        5.302    2.03897E-03
        5.309    2.02016E-03
        5.315    2.00154E-03
        5.322    1.98311E-03
        5.328    1.96486E-03
        5.335    1.94682E-03
        5.341    1.92895E-03
        5.348    1.91125E-03
        5.354    1.89375E-03
        5.361    1.87640E-03
        5.367    1.85922E-03
        5.374    1.84223E-03
        5.380    1.82540E-03
        5.387    1.80876E-03
        5.393    1.79228E-03
        5.400    1.77595E-03
        5.406    1.75979E-03
        5.413    1.74379E-03
        5.419    1.72795E-03
        5.426    1.71227E-03
        5.432    1.69675E-03
        5.439    1.68138E-03
        5.445    1.66616E-03
        5.452    1.65109E-03
        5.458    1.63618E-03
        5.465    1.62141E-03
        5.471    1.60679E-03
        5.477    1.59232E-03
        5.484    1.57800E-03
        5.490    1.56381E-03
        5.497    1.54976E-03
        5.503    1.53585E-03
        5.510    1.52207E-03
        5.516    1.50842E-03
        5.523    1.49491E-03
        5.530    1.48154E-03
        5.536    1.46830E-03
        5.543    1.45519E-03
        5.549    1.44221E-03
        5.556    1.42935E-03
        5.562    1.41662E-03
        5.569    1.40402E-03
        5.575    1.39154E-03
        5.582    1.37920E-03
        5.588    1.36698E-03
        5.595    1.35486E-03
        5.601    1.34286E-03
        5.608    1.33097E-03
        5.614    1.31920E-03
        5.621    1.30755E-03
        5.627    1.29600E-03
        5.634    1.28457E-03
        5.640    1.27326E-03
        5.647    1.26205E-03
        5.653    1.25094E-03
        5.660    1.23997E-03
        5.666    1.22908E-03
        5.673    1.21830E-03
        5.679    1.20762E-03
        5.686    1.19706E-03
        5.692    1.18659E-03
        5.699    1.17621E-03
        5.705    1.16593E-03
        5.712    1.15577E-03
        5.718    1.14569E-03
        5.725    1.13573E-03
        5.731    1.12584E-03
        5.738    1.11605E-03
        5.744    1.10635E-03
        5.751    1.09677E-03
        5.757    1.08726E-03
        5.764    1.07784E-03
        5.770    1.06850E-03
        5.777    1.05926E-03
        5.783    1.05009E-03
        5.790    1.04102E-03
        5.796    1.03204E-03
        5.803    1.02314E-03
        5.809    1.01432E-03
        5.816    1.00559E-03
        5.822    9.96945E-04
        5.829    9.88379E-04
        5.835    9.79894E-04
        5.842    9.71488E-04
        5.848    9.63153E-04
        5.855    9.54905E-04
        5.861    9.46747E-04
        5.868    9.38653E-04
        5.874    9.30640E-04
        5.881    9.22698E-04
        5.887    9.14830E-04
        5.894    9.07036E-04
        5.900    8.99315E-04
        5.907    8.91666E-04
        5.913    8.84089E-04
        5.920    8.76582E-04
        5.926    8.69146E-04
        5.933    8.61778E-04
        5.939    8.54483E-04
        5.946    8.47261E-04
        5.952    8.40097E-04
        5.959    8.32987E-04
        5.965    8.25956E-04
        5.972    8.18989E-04
        5.978    8.12088E-04
        5.985    8.05249E-04
        5.991    7.98475E-04
        5.998    7.91763E-04
        6.004    7.85113E-04
        6.010    7.78512E-04
        6.017    7.71984E-04
        6.023    7.65519E-04
        6.030    7.59099E-04
        6.036    7.52750E-04
        6.043    7.46447E-04
        6.049    7.40214E-04
        6.056    7.34038E-04
        6.062    7.27919E-04
        6.069    7.21858E-04
        6.076    7.15851E-04
        6.082    7.09898E-04
        6.089    7.04000E-04
        6.095    6.98155E-04
        6.102    6.92388E-04
        6.108    6.86649E-04
        6.115    6.80966E-04
        6.121    6.75331E-04
        6.128    6.69748E-04
        6.134    6.64215E-04
        6.141    6.58733E-04
        6.147    6.53300E-04
        6.154    6.47916E-04
        6.160    6.42581E-04
        6.167    6.37295E-04
        6.173    6.32056E-04
        6.180    6.26865E-04
        6.186    6.21720E-04
        6.193    6.16622E-04
        6.199    6.11569E-04
        6.206    6.06565E-04
        6.212    6.01635E-04
        6.219    5.96718E-04
        6.225    5.91844E-04
        6.232    5.87015E-04
        6.238    5.82228E-04
        6.245    5.77485E-04
        6.251    5.72784E-04
        6.258    5.68125E-04
        6.264    5.63513E-04
        6.271    5.58937E-04
        6.277    5.54401E-04
        6.284    5.49907E-04
        6.290    5.45452E-04
        6.297    5.41039E-04
        6.303    5.36664E-04
        6.310    5.32326E-04
        6.316    5.28028E-04
        6.323    5.23767E-04
        6.329    5.19545E-04
        6.336    5.15359E-04
        6.342    5.11211E-04
        6.349    5.07099E-04
        6.355    5.03024E-04
        6.362    4.98985E-04
        6.368    4.94981E-04
        6.375    4.91037E-04
        6.381    4.87103E-04
        6.388    4.83207E-04
        6.394    4.79342E-04
        6.401    4.75511E-04
        6.407    4.71714E-04
        6.414    4.67933E-04
        6.420    4.64202E-04
        6.427    4.60504E-04
        6.433    4.56839E-04
        6.440    4.53205E-04
        6.446    4.49603E-04
        6.453    4.46032E-04
        6.459    4.42493E-04
        6.466    4.38985E-04
        6.472    4.35509E-04
        6.479    4.32061E-04
        6.485    4.28669E-04
        6.492    4.25280E-04
        6.498    4.21921E-04
        6.505    4.18591E-04
        6.511    4.15291E-04
        6.518    4.12015E-04
        6.524    4.08772E-04
        6.531    4.05556E-04
        6.537    4.02369E-04
        6.544    3.99209E-04
        6.550    3.96077E-04
