          %pt            Sj
        0.057    7.30239E-03
        0.063    7.83683E-03
        0.069    8.34979E-03
        0.076    8.84362E-03
        0.082    9.32016E-03
        0.089    9.78093E-03
        0.095    1.02272E-02
        0.102    1.06602E-02
        0.109    1.10807E-02
        0.115    1.14895E-02
        0.122    1.18875E-02
        0.128    1.22751E-02
        0.134    1.26530E-02
        0.141    1.30216E-02
        0.147    1.33814E-02
        0.154    1.37327E-02
        0.161    1.40759E-02
        0.167    1.44116E-02
        0.174    1.47398E-02
        0.180    1.50608E-02
        0.186    1.53750E-02
        0.193    1.56825E-02
        0.199    1.59836E-02
        0.206    1.62785E-02
        0.212    1.65673E-02
        0.219    1.68503E-02
        0.226    1.71277E-02
        0.232    1.73995E-02
        0.238    1.76659E-02
        0.245    1.79271E-02
        0.252    1.81832E-02
        0.258    1.84343E-02
        0.264    1.86805E-02
        0.271    1.89220E-02
        0.278    1.91589E-02
        0.284    1.93911E-02
        0.291    1.96190E-02
        0.297    1.98425E-02
        0.304    2.00617E-02
        0.310    2.02768E-02
        0.317    2.04877E-02
        0.323    2.06947E-02
        0.330    2.08976E-02
        0.336    2.10968E-02
        0.343    2.12921E-02
        0.349    2.14836E-02
        0.356    2.16715E-02
        0.362    2.18558E-02
        0.369    2.20366E-02
        0.375    2.22139E-02
        0.382    2.23877E-02
        0.388    2.25581E-02
        0.395    2.27253E-02
        0.401    2.28891E-02
        0.407    2.30498E-02
        0.414    2.32072E-02
        0.421    2.33616E-02
        0.427    2.35128E-02
        0.434    2.36611E-02
        0.440    2.38063E-02
        0.447    2.39486E-02
        0.453    2.40880E-02
        0.460    2.42246E-02
        0.466    2.43583E-02
        0.473    2.44893E-02
        0.479    2.46175E-02
        0.486    2.47430E-02
        0.492    2.48657E-02
        0.499    2.49859E-02
        0.505    2.51035E-02
        0.512    2.52186E-02
        0.518    2.53311E-02
        0.525    2.54412E-02
        0.531    2.55488E-02
        0.538    2.56540E-02
        0.544    2.57568E-02
        0.551    2.58572E-02
        0.557    2.59553E-02
        0.563    2.60511E-02
        0.570    2.61447E-02
        0.576    2.62360E-02
        0.583    2.63251E-02
        0.590    2.64120E-02
        0.596    2.64968E-02
        0.603    2.65795E-02
        0.609    2.66601E-02
        0.616    2.67386E-02
        0.622    2.68151E-02
        0.628    2.68896E-02
        0.635    2.69621E-02
        0.641    2.70327E-02
        0.648    2.71013E-02
        0.655    2.71680E-02
        0.661    2.72328E-02
        0.668    2.72958E-02
        0.674    2.73570E-02
        0.681    2.74164E-02
        0.687    2.74740E-02
        0.693    2.75298E-02
        0.700    2.75839E-02
        0.706    2.76363E-02
        0.713    2.76871E-02
        0.720    2.77361E-02
        0.726    2.77836E-02
        0.733    2.78294E-02
        0.739    2.78736E-02
        0.746    2.79163E-02
        0.752    2.79574E-02
        0.759    2.79970E-02
        0.765    2.80351E-02
        0.771    2.80717E-02
        0.778    2.81068E-02
        0.785    2.81406E-02
        0.791    2.81729E-02
        0.798    2.82038E-02
        0.804    2.82333E-02
        0.811    2.82614E-02
        0.817    2.82882E-02
        0.824    2.83137E-02
        0.830    2.83379E-02
        0.836    2.83608E-02
        0.843    2.83825E-02
        0.850    2.84029E-02
        0.856    2.84221E-02
        0.863    2.84400E-02
        0.869    2.84568E-02
        0.876    2.84724E-02
        0.882    2.84869E-02
        0.889    2.85002E-02
        0.895    2.85123E-02
        0.901    2.85234E-02
        0.908    2.85334E-02
        0.914    2.85423E-02
        0.921    2.85501E-02
        0.928    2.85569E-02
        0.934    2.85627E-02
        0.941    2.85674E-02
        0.947    2.85712E-02
        0.954    2.85740E-02
        0.960    2.85757E-02
        0.966    2.85766E-02
        0.973    2.85764E-02
        0.979    2.85754E-02
        0.986    2.85734E-02
        0.993    2.85705E-02
        0.999    2.85667E-02
        1.005    2.85620E-02
        1.012    2.85565E-02
        1.018    2.85500E-02
        1.025    2.85428E-02
        1.031    2.85346E-02
        1.038    2.85257E-02
        1.044    2.85159E-02
        1.051    2.85053E-02
        1.058    2.84939E-02
        1.064    2.84817E-02
        1.070    2.84687E-02
        1.077    2.84549E-02
        1.083    2.84403E-02
        1.090    2.84250E-02
        1.096    2.84089E-02
        1.103    2.83921E-02
        1.109    2.83745E-02
        1.116    2.83561E-02
        1.122    2.83370E-02
        1.129    2.83172E-02
        1.135    2.82966E-02
        1.142    2.82753E-02
        1.148    2.82533E-02
        1.155    2.82305E-02
        1.161    2.82070E-02
        1.168    2.81828E-02
        1.174    2.81579E-02
        1.181    2.81323E-02
        1.188    2.81059E-02
        1.194    2.80788E-02
        1.201    2.80510E-02
        1.207    2.80225E-02
        1.213    2.79932E-02
        1.220    2.79632E-02
        1.226    2.79325E-02
        1.233    2.79010E-02
        1.239    2.78688E-02
        1.246    2.78359E-02
        1.252    2.78022E-02
        1.259    2.77678E-02
        1.265    2.77326E-02
        1.272    2.76966E-02
        1.278    2.76599E-02
        1.285    2.76224E-02
        1.291    2.75841E-02
        1.298    2.75450E-02
        1.304    2.75050E-02
        1.311    2.74643E-02
        1.317    2.74227E-02
        1.324    2.73803E-02
        1.331    2.73371E-02
        1.337    2.72930E-02
        1.343    2.72480E-02
        1.350    2.72021E-02
        1.356    2.71553E-02
        1.363    2.71076E-02
        1.369    2.70589E-02
        1.376    2.70093E-02
        1.382    2.69588E-02
        1.389    2.69072E-02
        1.395    2.68546E-02
        1.402    2.68010E-02
        1.408    2.67464E-02
        1.415    2.66907E-02
        1.421    2.66339E-02
        1.428    2.65760E-02
        1.434    2.65170E-02
        1.441    2.64569E-02
        1.447    2.63955E-02
        1.454    2.63330E-02
        1.461    2.62692E-02
        1.467    2.62042E-02
        1.473    2.61379E-02
        1.480    2.60704E-02
        1.486    2.60015E-02
        1.493    2.59312E-02
        1.499    2.58595E-02
        1.506    2.57865E-02
        1.512    2.57120E-02
        1.519    2.56360E-02
        1.525    2.55585E-02
        1.532    2.54795E-02
        1.538    2.53989E-02
        1.545    2.53167E-02
        1.551    2.52328E-02
        1.558    2.51473E-02
        1.564    2.50601E-02
        1.571    2.49711E-02
        1.577    2.48804E-02
        1.584    2.47879E-02
        1.590    2.46934E-02
        1.597    2.45971E-02
        1.604    2.44989E-02
        1.610    2.43987E-02
        1.616    2.42965E-02
        1.623    2.41923E-02
        1.629    2.40859E-02
        1.636    2.39774E-02
        1.642    2.38667E-02
        1.649    2.37539E-02
        1.655    2.36387E-02
        1.662    2.35213E-02
        1.668    2.34015E-02
        1.675    2.32793E-02
        1.681    2.31547E-02
        1.688    2.30276E-02
        1.694    2.28980E-02
        1.701    2.27658E-02
        1.707    2.26310E-02
        1.714    2.24935E-02
        1.720    2.23534E-02
        1.727    2.22104E-02
        1.734    2.20647E-02
        1.740    2.19162E-02
        1.746    2.17647E-02
        1.753    2.16103E-02
        1.759    2.14529E-02
        1.766    2.12926E-02
        1.772    2.11291E-02
        1.779    2.09626E-02
        1.785    2.07929E-02
        1.792    2.06200E-02
        1.798    2.04438E-02
        1.805    2.02644E-02
        1.811    2.00817E-02
        1.818    1.98956E-02
        1.824    1.97061E-02
        1.831    1.95132E-02
        1.837    1.93168E-02
        1.844    1.91170E-02
        1.850    1.89136E-02
        1.857    1.87067E-02
        1.863    1.84962E-02
        1.870    1.82821E-02
        1.877    1.80644E-02
        1.883    1.78431E-02
        1.889    1.76182E-02
        1.896    1.73896E-02
        1.902    1.71574E-02
        1.909    1.69216E-02
        1.915    1.66822E-02
        1.922    1.64393E-02
        1.928    1.61928E-02
        1.935    1.59428E-02
        1.941    1.56894E-02
        1.948    1.54327E-02
        1.954    1.51727E-02
        1.961    1.49097E-02
        1.967    1.46437E-02
        1.974    1.43750E-02
        1.980    1.41039E-02
        1.987    1.38307E-02
        1.993    1.35560E-02
        2.000    5.84306E-03
        2.007    5.73940E-03
        2.013    5.63776E-03
        2.020    5.53812E-03
        2.026    5.44040E-03
        2.033    5.34460E-03
        2.039    5.25065E-03
        2.046    5.15852E-03
        2.052    5.06817E-03
        2.059    4.97957E-03
        2.065    4.89266E-03
        2.072    4.80741E-03
        2.078    4.72380E-03
        2.084    4.64180E-03
        2.091    4.56138E-03
        2.097    4.48255E-03
        2.104    4.40516E-03
        2.110    4.32917E-03
        2.117    4.25468E-03
        2.123    4.18161E-03
        2.130    4.10991E-03
        2.136    4.03957E-03
        2.143    3.97055E-03
        2.149    3.90283E-03
        2.156    3.83640E-03
        2.162    3.77120E-03
        2.169    3.70722E-03
        2.175    3.64443E-03
        2.182    3.58281E-03
        2.188    3.52234E-03
        2.195    3.46303E-03
        2.201    3.40478E-03
        2.208    3.34761E-03
        2.214    3.29150E-03
        2.221    3.23644E-03
        2.227    3.18237E-03
        2.234    3.12940E-03
        2.240    3.07731E-03
        2.247    3.02617E-03
        2.253    2.97596E-03
        2.260    2.92668E-03
        2.266    2.87829E-03
        2.273    2.83079E-03
        2.280    2.78416E-03
        2.286    2.73836E-03
        2.293    2.69339E-03
        2.299    2.64923E-03
        2.306    2.60588E-03
        2.312    2.56331E-03
        2.319    2.52149E-03
        2.325    2.48043E-03
        2.332    2.44014E-03
        2.338    2.40055E-03
        2.345    2.36165E-03
        2.351    2.32345E-03
        2.357    2.28593E-03
        2.364    2.24908E-03
        2.370    2.21289E-03
        2.377    2.17733E-03
        2.383    2.14240E-03
        2.390    2.10808E-03
        2.396    2.07438E-03
        2.403    2.04127E-03
        2.409    2.00874E-03
        2.416    1.97678E-03
        2.422    1.94538E-03
        2.429    1.91454E-03
        2.435    1.88422E-03
        2.442    1.85445E-03
        2.448    1.82519E-03
        2.455    1.79644E-03
        2.461    1.76818E-03
        2.468    1.74044E-03
        2.474    1.71314E-03
        2.481    1.68634E-03
        2.487    1.65998E-03
        2.494    1.63409E-03
        2.500    1.60863E-03
        2.507    1.58362E-03
        2.513    1.55903E-03
        2.520    1.53486E-03
        2.526    1.51110E-03
        2.533    1.48776E-03
        2.539    1.46480E-03
        2.546    1.44222E-03
        2.553    1.42003E-03
        2.559    1.39822E-03
        2.566    1.37678E-03
        2.572    1.35569E-03
        2.579    1.33497E-03
        2.585    1.31459E-03
        2.592    1.29455E-03
        2.598    1.27487E-03
        2.605    1.25550E-03
        2.611    1.23645E-03
        2.618    1.21772E-03
        2.624    1.19932E-03
        2.630    1.18121E-03
        2.637    1.16340E-03
        2.643    1.14589E-03
        2.650    1.12868E-03
        2.656    1.11177E-03
        2.663    1.09511E-03
        2.669    1.07873E-03
        2.676    1.06263E-03
        2.682    1.04680E-03
        2.689    1.03121E-03
        2.695    1.01588E-03
        2.702    1.00079E-03
        2.708    9.85957E-04
        2.715    9.71376E-04
        2.721    9.57028E-04
        2.728    9.42912E-04
        2.734    9.29016E-04
        2.741    9.15345E-04
        2.747    9.01907E-04
        2.754    8.88676E-04
        2.760    8.75657E-04
        2.767    8.62849E-04
        2.773    8.50247E-04
        2.780    8.37847E-04
        2.786    8.25647E-04
        2.793    8.13642E-04
        2.799    8.01830E-04
        2.806    7.90206E-04
        2.812    7.78779E-04
        2.819    7.67569E-04
        2.826    7.56517E-04
        2.832    7.45617E-04
        2.839    7.34890E-04
        2.845    7.24349E-04
        2.852    7.13959E-04
        2.858    7.03732E-04
        2.865    6.93667E-04
        2.871    6.83772E-04
        2.878    6.74021E-04
        2.884    6.64423E-04
        2.891    6.55016E-04
        2.897    6.45716E-04
        2.903    6.36562E-04
        2.910    6.27568E-04
        2.916    6.18697E-04
        2.923    6.09975E-04
        2.929    6.01523E-04
        2.936    5.93057E-04
        2.942    5.84749E-04
        2.949    5.76543E-04
        2.955    5.68464E-04
        2.962    5.60522E-04
        2.968    5.52690E-04
        2.975    5.44978E-04
        2.981    5.37397E-04
        2.988    5.29920E-04
        2.994    5.22570E-04
        3.001    5.15331E-04
        3.007    5.08215E-04
        3.014    5.01185E-04
        3.020    4.94261E-04
        3.027    4.87442E-04
        3.033    4.80727E-04
        3.040    4.74114E-04
        3.046    4.67601E-04
        3.053    4.61186E-04
        3.059    4.54869E-04
        3.066    4.48634E-04
        3.072    4.42506E-04
        3.079    4.36469E-04
        3.086    4.30524E-04
        3.092    4.24667E-04
        3.099    4.18898E-04
        3.105    4.13222E-04
        3.112    4.07625E-04
        3.118    4.02110E-04
        3.125    3.96678E-04
        3.131    3.91327E-04
        3.138    3.86055E-04
        3.144    3.80861E-04
        3.151    3.75745E-04
        3.157    3.70720E-04
        3.164    3.65754E-04
        3.170    3.60843E-04
        3.176    3.56016E-04
        3.183    3.51261E-04
        3.189    3.46575E-04
        3.196    3.41966E-04
        3.202    3.37417E-04
        3.209    3.32935E-04
        3.215    3.28518E-04
        3.222    3.24166E-04
        3.228    3.19877E-04
        3.235    3.15651E-04
        3.241    3.11487E-04
        3.248    3.07469E-04
        3.254    3.03428E-04
        3.261    2.99444E-04
        3.267    2.95519E-04
        3.274    2.91650E-04
        3.280    2.87837E-04
        3.287    2.84079E-04
        3.293    2.80381E-04
        3.300    2.76747E-04
        3.306    2.73148E-04
        3.313    2.69600E-04
        3.319    2.66103E-04
        3.326    2.62656E-04
        3.332    2.59259E-04
        3.339    2.55910E-04
        3.345    2.52608E-04
        3.352    2.49353E-04
        3.359    2.46161E-04
        3.365    2.42997E-04
        3.372    2.39878E-04
        3.378    2.36837E-04
        3.385    2.33812E-04
        3.391    2.30823E-04
        3.398    2.27876E-04
        3.404    2.24970E-04
        3.411    2.22106E-04
        3.417    2.19281E-04
        3.424    2.16513E-04
        3.430    2.13766E-04
        3.436    2.11059E-04
        3.443    2.08388E-04
        3.449    2.05756E-04
        3.456    2.03159E-04
        3.462    2.00599E-04
        3.469    1.98074E-04
        3.475    1.95591E-04
        3.482    1.93135E-04
        3.488    1.90714E-04
        3.495    1.88350E-04
        3.501    1.85994E-04
        3.508    1.83672E-04
        3.514    1.81381E-04
        3.521    1.79138E-04
        3.527    1.76909E-04
        3.534    1.74711E-04
        3.540    1.72543E-04
        3.547    1.70404E-04
        3.553    1.68311E-04
        3.560    1.66231E-04
        3.566    1.64178E-04
        3.573    1.62176E-04
        3.579    1.60179E-04
        3.586    1.58208E-04
        3.592    1.56265E-04
        3.599    1.54347E-04
        3.605    1.52456E-04
        3.612    1.50590E-04
        3.618    1.48749E-04
        3.625    1.46933E-04
        3.632    1.45141E-04
        3.638    1.43373E-04
        3.645    1.41630E-04
        3.651    1.39909E-04
        3.658    1.38212E-04
        3.664    1.36543E-04
        3.671    1.34890E-04
        3.677    1.33260E-04
        3.684    1.31651E-04
        3.690    1.30064E-04
        3.697    1.28497E-04
        3.703    1.26952E-04
        3.709    1.25427E-04
        3.716    1.23922E-04
        3.722    1.22437E-04
        3.729    1.20971E-04
        3.735    1.19525E-04
        3.742    1.18118E-04
        3.748    1.16710E-04
        3.755    1.15326E-04
        3.761    1.13954E-04
        3.768    1.12600E-04
        3.774    1.11264E-04
        3.781    1.09946E-04
        3.787    1.08644E-04
        3.794    1.07383E-04
        3.800    1.06115E-04
        3.807    1.04864E-04
        3.813    1.03629E-04
        3.820    1.02409E-04
        3.826    1.01206E-04
        3.833    1.00018E-04
        3.839    9.88457E-05
        3.846    9.76943E-05
        3.852    9.65518E-05
        3.859    9.54240E-05
        3.865    9.43107E-05
        3.872    9.32117E-05
        3.878    9.21269E-05
        3.885    9.10559E-05
        3.891    8.99987E-05
        3.898    8.89550E-05
        3.905    8.79246E-05
        3.911    8.69073E-05
        3.918    8.59031E-05
        3.924    8.47743E-05
        3.931    8.37936E-05
        3.937    8.28311E-05
        3.944    8.18751E-05
        3.950    8.09313E-05
        3.957    7.99995E-05
        3.963    7.90795E-05
        3.970    7.81712E-05
        3.976    7.72744E-05
        3.982    7.63890E-05
        3.989    7.55148E-05
        3.995    7.46515E-05
        4.002    7.37992E-05
        4.009    7.29576E-05
        4.015    7.21266E-05
        4.022    7.13060E-05
        4.028    7.05014E-05
        4.035    6.97012E-05
        4.041    6.89111E-05
        4.048    6.81642E-05
        4.054    6.74168E-05
        4.061    6.66553E-05
        4.067    6.59031E-05
        4.074    6.51604E-05
        4.080    6.44269E-05
        4.087    6.37026E-05
        4.093    6.31370E-05
        4.100    6.24309E-05
        4.106    6.17335E-05
        4.113    6.10447E-05
        4.119    6.03699E-05
        4.126    5.96978E-05
        4.132    5.90340E-05
        4.139    5.83914E-05
        4.145    5.77437E-05
        4.152    5.71038E-05
        4.158    5.64946E-05
        4.165    5.58698E-05
        4.171    5.52527E-05
        4.178    5.46430E-05
        4.184    5.40408E-05
        4.191    5.34733E-05
        4.197    5.28853E-05
        4.204    5.23043E-05
        4.210    5.17304E-05
        4.217    5.11633E-05
        4.223    5.06032E-05
        4.230    5.00498E-05
        4.236    4.95031E-05
        4.243    4.89629E-05
        4.249    4.84293E-05
        4.256    4.79020E-05
        4.262    4.73811E-05
        4.269    4.68664E-05
        4.275    4.63580E-05
        4.282    4.58555E-05
        4.288    4.53591E-05
        4.295    4.48686E-05
        4.301    4.43942E-05
        4.308    4.39151E-05
        4.314    4.34419E-05
        4.321    4.30139E-05
        4.327    4.25514E-05
        4.334    4.20944E-05
        4.340    4.16428E-05
        4.347    4.11965E-05
        4.353    4.07555E-05
        4.360    4.03197E-05
        4.366    3.98890E-05
        4.373    3.94634E-05
        4.379    3.90428E-05
        4.385    3.86272E-05
        4.392    3.82164E-05
        4.398    3.78104E-05
        4.405    3.74092E-05
        4.411    3.70127E-05
        4.418    3.66208E-05
        4.424    3.62335E-05
        4.431    3.58507E-05
        4.438    3.54723E-05
        4.444    3.50984E-05
        4.451    3.47288E-05
        4.457    3.43635E-05
        4.464    3.40024E-05
        4.470    3.36455E-05
        4.477    3.33021E-05
        4.483    3.29533E-05
        4.490    3.26086E-05
        4.496    3.22678E-05
        4.503    3.19309E-05
        4.509    3.15979E-05
        4.516    3.12688E-05
        4.522    3.09691E-05
        4.529    3.06473E-05
        4.535    3.03291E-05
        4.542    3.00147E-05
        4.548    2.97037E-05
        4.555    2.93964E-05
        4.561    2.90926E-05
        4.568    2.87922E-05
        4.574    2.84952E-05
        4.581    2.82016E-05
        4.587    2.79114E-05
        4.594    2.76244E-05
        4.600    2.73407E-05
        4.607    2.70602E-05
        4.613    2.67829E-05
        4.620    2.65087E-05
        4.626    2.62710E-05
        4.633    2.60026E-05
        4.639    2.57372E-05
        4.646    2.54748E-05
        4.652    2.52216E-05
        4.659    2.49650E-05
        4.665    2.47113E-05
        4.672    2.44604E-05
        4.678    2.42123E-05
        4.685    2.39670E-05
        4.691    2.37244E-05
        4.698    2.34846E-05
        4.704    2.32474E-05
        4.711    2.29890E-05
        4.717    2.27574E-05
        4.724    2.25282E-05
        4.730    2.23016E-05
        4.737    2.20775E-05
        4.743    2.18560E-05
        4.750    2.16368E-05
        4.756    2.14201E-05
        4.763    2.12058E-05
        4.769    2.09938E-05
        4.776    2.07842E-05
        4.782    2.05769E-05
        4.789    2.03718E-05
        4.795    2.01690E-05
        4.802    1.99685E-05
        4.808    1.97701E-05
        4.815    1.95739E-05
        4.821    1.93799E-05
        4.828    1.91880E-05
        4.834    1.90051E-05
        4.841    1.88172E-05
        4.847    1.86315E-05
        4.854    1.84477E-05
        4.860    1.82659E-05
        4.867    1.80862E-05
        4.873    1.79083E-05
        4.880    1.77324E-05
        4.886    1.75584E-05
        4.893    1.73863E-05
        4.899    1.72160E-05
        4.906    1.70476E-05
        4.912    1.68810E-05
        4.919    1.67162E-05
        4.925    1.65532E-05
        4.931    1.63919E-05
        4.938    1.62324E-05
        4.944    1.60745E-05
        4.951    1.59184E-05
        4.957    1.57639E-05
        4.964    1.56111E-05
        4.970    1.54599E-05
        4.977    1.53427E-05
        4.984    1.51943E-05
        4.990    1.50474E-05
        4.997    1.49022E-05
        5.003    1.47612E-05
        5.010    1.46190E-05
        5.016    1.44782E-05
        5.023    1.43390E-05
        5.029    1.42013E-05
        5.036    1.40650E-05
        5.042    1.39302E-05
        5.049    1.36686E-05
        5.055    1.35368E-05
        5.062    1.34064E-05
        5.068    1.32773E-05
        5.075    1.31497E-05
        5.081    1.30234E-05
        5.088    1.28984E-05
        5.094    1.27748E-05
        5.101    1.27205E-05
        5.107    1.25989E-05
        5.114    1.24786E-05
        5.120    1.23595E-05
        5.127    1.22418E-05
        5.133    1.21252E-05
        5.140    1.20099E-05
        5.146    1.18958E-05
        5.153    1.17829E-05
        5.159    1.16712E-05
        5.166    1.15607E-05
        5.172    1.14513E-05
        5.179    1.13431E-05
        5.185    1.12360E-05
        5.192    1.11300E-05
        5.198    1.10251E-05
        5.205    1.09213E-05
        5.211    1.08186E-05
        5.218    1.07170E-05
        5.224    1.06164E-05
        5.231    1.05169E-05
        5.237    1.04184E-05
        5.244    1.03209E-05
        5.250    1.02244E-05
        5.257    1.01289E-05
        5.263    1.00345E-05
        5.270    9.97124E-06
        5.276    9.87849E-06
        5.283    9.78669E-06
        5.289    9.69585E-06
        5.296    9.60592E-06
        5.302    9.51693E-06
        5.309    9.42884E-06
        5.315    9.34167E-06
        5.322    9.25537E-06
        5.328    9.16997E-06
        5.335    9.08543E-06
        5.341    9.00176E-06
        5.348    8.91894E-06
        5.354    8.83696E-06
        5.361    8.75582E-06
        5.367    8.67550E-06
        5.374    8.59599E-06
        5.380    8.51730E-06
        5.387    8.43940E-06
        5.393    8.36229E-06
        5.400    8.28595E-06
        5.406    8.21040E-06
        5.413    8.13559E-06
        5.419    8.06155E-06
        5.426    7.98825E-06
        5.432    7.91569E-06
        5.439    7.84386E-06
        5.445    7.77275E-06
        5.452    7.70235E-06
        5.458    7.63266E-06
        5.465    7.56366E-06
        5.471    7.49536E-06
        5.477    7.42774E-06
        5.484    7.36079E-06
        5.490    7.29452E-06
        5.497    7.22890E-06
        5.503    7.16393E-06
        5.510    7.14932E-06
        5.516    7.08516E-06
        5.523    7.02164E-06
        5.530    6.95874E-06
        5.536    6.89647E-06
        5.543    6.83482E-06
        5.549    6.77377E-06
        5.556    6.71333E-06
        5.562    6.65348E-06
        5.569    6.59423E-06
        5.575    6.56627E-06
        5.582    6.50803E-06
        5.588    6.45036E-06
        5.595    6.39326E-06
        5.601    6.33671E-06
        5.608    6.28073E-06
        5.614    6.22528E-06
        5.621    6.17038E-06
        5.627    6.11602E-06
        5.634    6.06218E-06
        5.640    6.00887E-06
        5.647    5.95608E-06
        5.653    5.90381E-06
        5.660    5.85204E-06
        5.666    5.80077E-06
        5.673    5.75000E-06
        5.679    5.69973E-06
        5.686    5.64994E-06
        5.692    5.60063E-06
        5.699    5.55180E-06
        5.705    5.50344E-06
        5.712    5.45554E-06
        5.718    5.40811E-06
        5.725    5.36114E-06
        5.731    5.31461E-06
        5.738    5.26854E-06
        5.744    5.22290E-06
        5.751    5.17770E-06
        5.757    5.13294E-06
        5.764    5.08861E-06
        5.770    5.04470E-06
        5.777    5.00120E-06
        5.783    4.95813E-06
        5.790    4.91546E-06
        5.796    4.87321E-06
        5.803    4.83135E-06
        5.809    4.78989E-06
        5.816    4.74883E-06
        5.822    4.70815E-06
        5.829    4.66786E-06
        5.835    4.62796E-06
        5.842    4.58843E-06
        5.848    4.54927E-06
        5.855    4.51049E-06
        5.861    4.47207E-06
        5.868    4.43401E-06
        5.874    4.39632E-06
        5.881    4.35897E-06
        5.887    4.32198E-06
        5.894    4.28534E-06
        5.900    4.24904E-06
        5.907    4.21308E-06
        5.913    4.17746E-06
        5.920    4.14217E-06
        5.926    4.10721E-06
        5.933    4.07258E-06
        5.939    4.03827E-06
        5.946    4.00428E-06
        5.952    3.97061E-06
        5.959    3.93725E-06
        5.965    3.90421E-06
        5.972    3.87147E-06
        5.978    3.83903E-06
        5.985    3.80690E-06
        5.991    3.77506E-06
        5.998    3.76555E-06
        6.004    3.73415E-06
        6.010    3.70304E-06
        6.017    3.67221E-06
        6.023    3.64168E-06
        6.030    3.61142E-06
        6.036    3.58144E-06
        6.043    3.55173E-06
        6.049    3.52230E-06
        6.056    3.49314E-06
        6.062    3.46425E-06
        6.069    3.43562E-06
        6.076    3.40726E-06
        6.082    3.37915E-06
        6.089    3.35130E-06
        6.095    3.32370E-06
        6.102    3.29636E-06
        6.108    3.26926E-06
        6.115    3.24241E-06
        6.121    3.21581E-06
        6.128    3.18945E-06
        6.134    3.16332E-06
        6.141    3.13744E-06
        6.147    3.11179E-06
        6.154    3.08637E-06
        6.160    3.06118E-06
        6.167    3.03622E-06
        6.173    3.01148E-06
        6.180    2.98697E-06
        6.186    2.96268E-06
        6.193    2.93861E-06
        6.199    2.91475E-06
        6.206    2.89111E-06
        6.212    2.86768E-06
        6.219    2.84446E-06
        6.225    2.82145E-06
        6.232    2.79865E-06
        6.238    2.77605E-06
        6.245    2.75365E-06
        6.251    2.73145E-06
        6.258    2.72050E-06
        6.264    2.69866E-06
        6.271    2.67701E-06
        6.277    2.65555E-06
        6.284    2.63429E-06
        6.290    2.61322E-06
        6.297    2.59233E-06
        6.303    2.57162E-06
        6.310    2.51650E-06
        6.316    2.49604E-06
        6.323    2.47576E-06
        6.329    2.45567E-06
        6.336    2.43576E-06
        6.342    2.41602E-06
        6.349    2.39647E-06
        6.355    2.37709E-06
        6.362    2.35789E-06
        6.368    2.33886E-06
        6.375    2.32000E-06
        6.381    2.30132E-06
        6.388    2.28280E-06
        6.394    2.26444E-06
        6.401    2.24625E-06
        6.407    2.22823E-06
        6.414    2.21036E-06
        6.420    2.19266E-06
        6.427    2.17511E-06
        6.433    2.15772E-06
        6.440    2.14049E-06
        6.446    2.12341E-06
        6.453    2.10648E-06
        6.459    2.08970E-06
        6.466    2.07307E-06
        6.472    2.05659E-06
        6.479    2.04025E-06
        6.485    2.02406E-06
        6.492    2.00801E-06
        6.498    1.99211E-06
        6.505    1.97635E-06
        6.511    1.96072E-06
        6.518    1.94523E-06
        6.524    1.92988E-06
        6.531    1.91467E-06
        6.537    1.89959E-06
        6.544    1.88464E-06
        6.550    1.86982E-06
