   1.40000000000000       0.700000000000000        1.00000000000000     
   5.00000000000000        154.342083954051     
   1.40000000000000       0.700000000000000        1.00000000000000     
   6.00000000000000        60.2181450267353     
   1.40000000000000       0.700000000000000        1.00000000000000     
   7.00000000000000        26.0320450888004     
   1.40000000000000       0.700000000000000        1.00000000000000     
   8.00000000000000        12.3596503072296     
   1.40000000000000       0.700000000000000        1.00000000000000     
   9.00000000000000        6.43179679063033     
   1.40000000000000       0.700000000000000        1.00000000000000     
   10.0000000000000        3.70687449238464     
   1.40000000000000       0.700000000000000        1.00000000000000     
   11.0000000000000        2.40521041921430     
   1.40000000000000       0.700000000000000        1.00000000000000     
   12.0000000000000        1.77502064534572     
   1.40000000000000       0.700000000000000        1.00000000000000     
   13.0000000000000        1.47662022682100     
   1.40000000000000       0.700000000000000        1.00000000000000     
   14.0000000000000        1.34727662230480     
   1.40000000000000       0.700000000000000        1.00000000000000     
   15.0000000000000        1.30520774646910     
   1.40000000000000       0.700000000000000        1.50000000000000     
   5.00000000000000        43.7038057772354     
   1.40000000000000       0.700000000000000        1.50000000000000     
   6.00000000000000        14.1678370031029     
   1.40000000000000       0.700000000000000        1.50000000000000     
   7.00000000000000        5.05805570247852     
   1.40000000000000       0.700000000000000        1.50000000000000     
   8.00000000000000        2.07512787001649     
   1.40000000000000       0.700000000000000        1.50000000000000     
   9.00000000000000        1.13268762534405     
   1.40000000000000       0.700000000000000        1.50000000000000     
   10.0000000000000       0.915975246814193     
   1.40000000000000       0.700000000000000        1.50000000000000     
   11.0000000000000       0.960700308808909     
   1.40000000000000       0.700000000000000        1.50000000000000     
   12.0000000000000        1.09311617829663     
   1.40000000000000       0.700000000000000        1.50000000000000     
   13.0000000000000        1.24587288226184     
   1.40000000000000       0.700000000000000        1.50000000000000     
   14.0000000000000        1.39334226556953     
   1.40000000000000       0.700000000000000        1.50000000000000     
   15.0000000000000        1.52675735614964     
   1.40000000000000       0.700000000000000        2.00000000000000     
   5.00000000000000        15.5189099071812     
   1.40000000000000       0.700000000000000        2.00000000000000     
   6.00000000000000        4.21375924318511     
   1.40000000000000       0.700000000000000        2.00000000000000     
   7.00000000000000        1.41272550123293     
   1.40000000000000       0.700000000000000        2.00000000000000     
   8.00000000000000       0.866644078941232     
   1.40000000000000       0.700000000000000        2.00000000000000     
   9.00000000000000       0.946980396556769     
   1.40000000000000       0.700000000000000        2.00000000000000     
   10.0000000000000        1.18352902124336     
   1.40000000000000       0.700000000000000        2.00000000000000     
   11.0000000000000        1.43404963684134     
   1.40000000000000       0.700000000000000        2.00000000000000     
   12.0000000000000        1.65854735418962     
   1.40000000000000       0.700000000000000        2.00000000000000     
   13.0000000000000        1.84906548176840     
   1.40000000000000       0.700000000000000        2.00000000000000     
   14.0000000000000        2.00779393286648     
   1.40000000000000       0.700000000000000        2.00000000000000     
   15.0000000000000        2.13936921723925     
   1.40000000000000       0.700000000000000        2.50000000000000     
   5.00000000000000        6.25898977096312     
   1.40000000000000       0.700000000000000        2.50000000000000     
   6.00000000000000        1.57606537823258     
   1.40000000000000       0.700000000000000        2.50000000000000     
   7.00000000000000       0.862754543213635     
   1.40000000000000       0.700000000000000        2.50000000000000     
   8.00000000000000        1.03552818010128     
   1.40000000000000       0.700000000000000        2.50000000000000     
   9.00000000000000        1.36956248349308     
   1.40000000000000       0.700000000000000        2.50000000000000     
   10.0000000000000        1.68796837075338     
   1.40000000000000       0.700000000000000        2.50000000000000     
   11.0000000000000        1.95473421906516     
   1.40000000000000       0.700000000000000        2.50000000000000     
   12.0000000000000        2.16971497533731     
   1.40000000000000       0.700000000000000        2.50000000000000     
   13.0000000000000        2.34164397440879     
   1.40000000000000       0.700000000000000        2.50000000000000     
   14.0000000000000        2.47956820185386     
   1.40000000000000       0.700000000000000        2.50000000000000     
   15.0000000000000        2.59116839422579     
   1.40000000000000       0.700000000000000        3.00000000000000     
   5.00000000000000        2.80727522453636     
   1.40000000000000       0.700000000000000        3.00000000000000     
   6.00000000000000       0.935040758681211     
   1.40000000000000       0.700000000000000        3.00000000000000     
   7.00000000000000        1.01806175569930     
   1.40000000000000       0.700000000000000        3.00000000000000     
   8.00000000000000        1.41902578631607     
   1.40000000000000       0.700000000000000        3.00000000000000     
   9.00000000000000        1.80459428839629     
   1.40000000000000       0.700000000000000        3.00000000000000     
   10.0000000000000        2.11723290635425     
   1.40000000000000       0.700000000000000        3.00000000000000     
   11.0000000000000        2.36109928413757     
   1.40000000000000       0.700000000000000        3.00000000000000     
   12.0000000000000        2.55013573934305     
   1.40000000000000       0.700000000000000        3.00000000000000     
   13.0000000000000        2.69752415067136     
   1.40000000000000       0.700000000000000        3.00000000000000     
   14.0000000000000        2.81389661890383     
   1.40000000000000       0.700000000000000        3.00000000000000     
   15.0000000000000        2.90700599199333     
   1.40000000000000       0.700000000000000        3.50000000000000     
   5.00000000000000        1.47867133761023     
   1.40000000000000       0.700000000000000        3.50000000000000     
   6.00000000000000       0.922076215008125     
   1.40000000000000       0.700000000000000        3.50000000000000     
   7.00000000000000        1.32662750313200     
   1.40000000000000       0.700000000000000        3.50000000000000     
   8.00000000000000        1.78973960621012     
   1.40000000000000       0.700000000000000        3.50000000000000     
   9.00000000000000        2.16571743445699     
   1.40000000000000       0.700000000000000        3.50000000000000     
   10.0000000000000        2.45136769996154     
   1.40000000000000       0.700000000000000        3.50000000000000     
   11.0000000000000        2.66660564739563     
   1.40000000000000       0.700000000000000        3.50000000000000     
   12.0000000000000        2.83008113678894     
   1.40000000000000       0.700000000000000        3.50000000000000     
   13.0000000000000        2.95598413698375     
   1.40000000000000       0.700000000000000        3.50000000000000     
   14.0000000000000        3.05440980577450     
   1.40000000000000       0.700000000000000        3.50000000000000     
   15.0000000000000        3.13264646625558     
   1.40000000000000       0.700000000000000        4.00000000000000     
   5.00000000000000        1.01515582133750     
   1.40000000000000       0.700000000000000        4.00000000000000     
   6.00000000000000        1.11158047222917     
   1.40000000000000       0.700000000000000        4.00000000000000     
   7.00000000000000        1.64183253938057     
   1.40000000000000       0.700000000000000        4.00000000000000     
   8.00000000000000        2.10532768602196     
   1.40000000000000       0.700000000000000        4.00000000000000     
   9.00000000000000        2.45381134101529     
   1.40000000000000       0.700000000000000        4.00000000000000     
   10.0000000000000        2.70939550852040     
   1.40000000000000       0.700000000000000        4.00000000000000     
   11.0000000000000        2.89827308225674     
   1.40000000000000       0.700000000000000        4.00000000000000     
   12.0000000000000        3.03989527311065     
   1.40000000000000       0.700000000000000        4.00000000000000     
   13.0000000000000        3.14811212596807     
   1.40000000000000       0.700000000000000        4.00000000000000     
   14.0000000000000        3.23217959393794     
   1.40000000000000       0.700000000000000        4.00000000000000     
   15.0000000000000        3.29875638605562     
   1.40000000000000       0.700000000000000        4.50000000000000     
   5.00000000000000       0.927521425156506     
   1.40000000000000       0.700000000000000        4.50000000000000     
   6.00000000000000        1.35604781270498     
   1.40000000000000       0.700000000000000        4.50000000000000     
   7.00000000000000        1.92483844555556     
   1.40000000000000       0.700000000000000        4.50000000000000     
   8.00000000000000        2.36598417701207     
   1.40000000000000       0.700000000000000        4.50000000000000     
   9.00000000000000        2.68343696845060     
   1.40000000000000       0.700000000000000        4.50000000000000     
   10.0000000000000        2.91123289042552     
   1.40000000000000       0.700000000000000        4.50000000000000     
   11.0000000000000        3.07731885629486     
   1.40000000000000       0.700000000000000        4.50000000000000     
   12.0000000000000        3.20076776969127     
   1.40000000000000       0.700000000000000        4.50000000000000     
   13.0000000000000        3.29463915479789     
   1.40000000000000       0.700000000000000        4.50000000000000     
   14.0000000000000        3.36740588987370     
   1.40000000000000       0.700000000000000        4.50000000000000     
   15.0000000000000        3.42454873910805     
   1.40000000000000       0.700000000000000        5.00000000000000     
   5.00000000000000        1.00575822496463     
   1.40000000000000       0.700000000000000        5.00000000000000     
   6.00000000000000        1.60171053251326     
   1.40000000000000       0.700000000000000        5.00000000000000     
   7.00000000000000        2.16927802128999     
   1.40000000000000       0.700000000000000        5.00000000000000     
   8.00000000000000        2.58035071351492     
   1.40000000000000       0.700000000000000        5.00000000000000     
   9.00000000000000        2.86792740235027     
   1.40000000000000       0.700000000000000        5.00000000000000     
   10.0000000000000        3.07122650215216     
   1.40000000000000       0.700000000000000        5.00000000000000     
   11.0000000000000        3.21821132308328     
   1.40000000000000       0.700000000000000        5.00000000000000     
   12.0000000000000        3.32680888831016     
   1.40000000000000       0.700000000000000        5.00000000000000     
   13.0000000000000        3.40902514131476     
   1.40000000000000       0.700000000000000        5.00000000000000     
   14.0000000000000        3.47241371608300     
   1.40000000000000       0.700000000000000        5.00000000000000     
   15.0000000000000        3.52237190333333     
   1.40000000000000       0.700000000000000        5.50000000000000     
   5.00000000000000        1.15501064680916     
   1.40000000000000       0.700000000000000        5.50000000000000     
   6.00000000000000        1.82973156039791     
   1.40000000000000       0.700000000000000        5.50000000000000     
   7.00000000000000        2.37753391733807     
   1.40000000000000       0.700000000000000        5.50000000000000     
   8.00000000000000        2.75740152610256     
   1.40000000000000       0.700000000000000        5.50000000000000     
   9.00000000000000        3.01804443160191     
   1.40000000000000       0.700000000000000        5.50000000000000     
   10.0000000000000        3.20034213298962     
   1.40000000000000       0.700000000000000        5.50000000000000     
   11.0000000000000        3.33111892764415     
   1.40000000000000       0.700000000000000        5.50000000000000     
   12.0000000000000        3.42747189977919     
   1.40000000000000       0.700000000000000        5.50000000000000     
   13.0000000000000        3.50010433730307     
   1.40000000000000       0.700000000000000        5.50000000000000     
   14.0000000000000        3.55605860697621     
   1.40000000000000       0.700000000000000        5.50000000000000     
   15.0000000000000        3.59996096693711     
   1.40000000000000       0.700000000000000        6.00000000000000     
   5.00000000000000        1.33021182095693     
   1.40000000000000       0.700000000000000        6.00000000000000     
   6.00000000000000        2.03438993849076     
   1.40000000000000       0.700000000000000        6.00000000000000     
   7.00000000000000        2.55494016126586     
   1.40000000000000       0.700000000000000        6.00000000000000     
   8.00000000000000        2.90503965874023     
   1.40000000000000       0.700000000000000        6.00000000000000     
   9.00000000000000        3.14167897544950     
   1.40000000000000       0.700000000000000        6.00000000000000     
   10.0000000000000        3.30588643355580     
   1.40000000000000       0.700000000000000        6.00000000000000     
   11.0000000000000        3.42309147526034     
   1.40000000000000       0.700000000000000        6.00000000000000     
   12.0000000000000        3.50919104663095     
   1.40000000000000       0.700000000000000        6.00000000000000     
   13.0000000000000        3.57389619564772     
   1.40000000000000       0.700000000000000        6.00000000000000     
   14.0000000000000        3.62371117239169     
   1.40000000000000       0.700000000000000        6.00000000000000     
   15.0000000000000        3.66274103709884     
