   16.0000000000000       0.300000000000000       0.500000000000000     
   1.00000000000000        24597.1713857386     
   16.0000000000000       0.300000000000000       0.500000000000000     
   2.00000000000000        13210.9245519653     
   16.0000000000000       0.300000000000000       0.500000000000000     
   3.00000000000000        6517.95217352050     
   16.0000000000000       0.300000000000000       0.500000000000000     
   4.00000000000000        3309.79660310343     
   16.0000000000000       0.300000000000000       0.500000000000000     
   5.00000000000000        1739.55314003430     
   16.0000000000000       0.300000000000000       0.500000000000000     
   6.00000000000000        914.818302609505     
   16.0000000000000       0.300000000000000       0.500000000000000     
   7.00000000000000        496.429539328493     
   16.0000000000000       0.300000000000000       0.500000000000000     
   8.00000000000000        288.572438576972     
   16.0000000000000       0.300000000000000       0.500000000000000     
   9.00000000000000        180.254537130515     
   16.0000000000000       0.300000000000000       0.500000000000000     
   10.0000000000000        120.333629231003     
   16.0000000000000       0.300000000000000       0.500000000000000     
   11.0000000000000        85.1863200073186     
   16.0000000000000       0.300000000000000       0.900000000000000     
   1.00000000000000        20242.6190090402     
   16.0000000000000       0.300000000000000       0.900000000000000     
   2.00000000000000        7788.82177232956     
   16.0000000000000       0.300000000000000       0.900000000000000     
   3.00000000000000        2955.78622070974     
   16.0000000000000       0.300000000000000       0.900000000000000     
   4.00000000000000        1160.29009013107     
   16.0000000000000       0.300000000000000       0.900000000000000     
   5.00000000000000        444.022539547798     
   16.0000000000000       0.300000000000000       0.900000000000000     
   6.00000000000000        184.557126416813     
   16.0000000000000       0.300000000000000       0.900000000000000     
   7.00000000000000        85.0067401087232     
   16.0000000000000       0.300000000000000       0.900000000000000     
   8.00000000000000        42.9243322786457     
   16.0000000000000       0.300000000000000       0.900000000000000     
   9.00000000000000        23.4631783454930     
   16.0000000000000       0.300000000000000       0.900000000000000     
   10.0000000000000        13.7549885925444     
   16.0000000000000       0.300000000000000       0.900000000000000     
   11.0000000000000        8.59950391474651     
   16.0000000000000       0.300000000000000        1.30000000000000     
   1.00000000000000        16897.0322481134     
   16.0000000000000       0.300000000000000        1.30000000000000     
   2.00000000000000        5098.29115628619     
   16.0000000000000       0.300000000000000        1.30000000000000     
   3.00000000000000        1596.52190268916     
   16.0000000000000       0.300000000000000        1.30000000000000     
   4.00000000000000        480.758358479606     
   16.0000000000000       0.300000000000000        1.30000000000000     
   5.00000000000000        154.925077244145     
   16.0000000000000       0.300000000000000        1.30000000000000     
   6.00000000000000        56.6969879462502     
   16.0000000000000       0.300000000000000        1.30000000000000     
   7.00000000000000        23.0917258610191     
   16.0000000000000       0.300000000000000        1.30000000000000     
   8.00000000000000        10.2830813078178     
   16.0000000000000       0.300000000000000        1.30000000000000     
   9.00000000000000        5.00953334921294     
   16.0000000000000       0.300000000000000        1.30000000000000     
   10.0000000000000        2.74189871855508     
   16.0000000000000       0.300000000000000        1.30000000000000     
   11.0000000000000        1.76119317763456     
   16.0000000000000       0.300000000000000        1.70000000000000     
   1.00000000000000        14295.1802532163     
   16.0000000000000       0.300000000000000        1.70000000000000     
   2.00000000000000        3568.84010315256     
   16.0000000000000       0.300000000000000        1.70000000000000     
   3.00000000000000        923.675046257390     
   16.0000000000000       0.300000000000000        1.70000000000000     
   4.00000000000000        229.694128787702     
   16.0000000000000       0.300000000000000        1.70000000000000     
   5.00000000000000        65.9853492547187     
   16.0000000000000       0.300000000000000        1.70000000000000     
   6.00000000000000        21.6869899990277     
   16.0000000000000       0.300000000000000        1.70000000000000     
   7.00000000000000        7.98303470446985     
   16.0000000000000       0.300000000000000        1.70000000000000     
   8.00000000000000        3.40547713748053     
   16.0000000000000       0.300000000000000        1.70000000000000     
   9.00000000000000        1.88432192328004     
   16.0000000000000       0.300000000000000        1.70000000000000     
   10.0000000000000        1.46700573801989     
   16.0000000000000       0.300000000000000        1.70000000000000     
   11.0000000000000        1.46023180163695     
   16.0000000000000       0.300000000000000        2.10000000000000     
   1.00000000000000        12241.8882372596     
   16.0000000000000       0.300000000000000        2.10000000000000     
   2.00000000000000        2612.12753930851     
   16.0000000000000       0.300000000000000        2.10000000000000     
   3.00000000000000        557.136362718152     
   16.0000000000000       0.300000000000000        2.10000000000000     
   4.00000000000000        122.152226256206     
   16.0000000000000       0.300000000000000        2.10000000000000     
   5.00000000000000        31.8676681065794     
   16.0000000000000       0.300000000000000        2.10000000000000     
   6.00000000000000        9.60614283306272     
   16.0000000000000       0.300000000000000        2.10000000000000     
   7.00000000000000        3.51485835193060     
   16.0000000000000       0.300000000000000        2.10000000000000     
   8.00000000000000        1.90238615651811     
   16.0000000000000       0.300000000000000        2.10000000000000     
   9.00000000000000        1.64664400652872     
   16.0000000000000       0.300000000000000        2.10000000000000     
   10.0000000000000        1.80474760526839     
   16.0000000000000       0.300000000000000        2.10000000000000     
   11.0000000000000        2.07053929579719     
   16.0000000000000       0.300000000000000        2.50000000000000     
   1.00000000000000        10597.1838220130     
   16.0000000000000       0.300000000000000        2.50000000000000     
   2.00000000000000        1971.12097508378     
   16.0000000000000       0.300000000000000        2.50000000000000     
   3.00000000000000        352.958832866844     
   16.0000000000000       0.300000000000000        2.50000000000000     
   4.00000000000000        70.1491086955218     
   16.0000000000000       0.300000000000000        2.50000000000000     
   5.00000000000000        16.8383861351737     
   16.0000000000000       0.300000000000000        2.50000000000000     
   6.00000000000000        4.92103657322760     
   16.0000000000000       0.300000000000000        2.50000000000000     
   7.00000000000000        2.20314108137369     
   16.0000000000000       0.300000000000000        2.50000000000000     
   8.00000000000000        1.82076814189590     
   16.0000000000000       0.300000000000000        2.50000000000000     
   9.00000000000000        2.04480572865992     
   16.0000000000000       0.300000000000000        2.50000000000000     
   10.0000000000000        2.39393898778771     
   16.0000000000000       0.300000000000000        2.50000000000000     
   11.0000000000000        2.73144148373999     
   16.0000000000000       0.300000000000000        2.90000000000000     
   1.00000000000000        9261.18563084947     
   16.0000000000000       0.300000000000000        2.90000000000000     
   2.00000000000000        1518.94803709653     
   16.0000000000000       0.300000000000000        2.90000000000000     
   3.00000000000000        233.515782464492     
   16.0000000000000       0.300000000000000        2.90000000000000     
   4.00000000000000        42.6809126235782     
   16.0000000000000       0.300000000000000        2.90000000000000     
   5.00000000000000        9.60985787860003     
   16.0000000000000       0.300000000000000        2.90000000000000     
   6.00000000000000        3.04399087991140     
   16.0000000000000       0.300000000000000        2.90000000000000     
   7.00000000000000        1.97019977202862     
   16.0000000000000       0.300000000000000        2.90000000000000     
   8.00000000000000        2.13890283978718     
   16.0000000000000       0.300000000000000        2.90000000000000     
   9.00000000000000        2.54980957750662     
   16.0000000000000       0.300000000000000        2.90000000000000     
   10.0000000000000        2.95357213851607     
   16.0000000000000       0.300000000000000        2.90000000000000     
   11.0000000000000        3.29577229696669     
   16.0000000000000       0.300000000000000        3.30000000000000     
   1.00000000000000        8161.32032023863     
   16.0000000000000       0.300000000000000        3.30000000000000     
   2.00000000000000        1185.23492972088     
   16.0000000000000       0.300000000000000        3.30000000000000     
   3.00000000000000        160.132296477097     
   16.0000000000000       0.300000000000000        3.30000000000000     
   4.00000000000000        27.1653558849477     
   16.0000000000000       0.300000000000000        3.30000000000000     
   5.00000000000000        5.94625862324344     
   16.0000000000000       0.300000000000000        3.30000000000000     
   6.00000000000000        2.34779064678676     
   16.0000000000000       0.300000000000000        3.30000000000000     
   7.00000000000000        2.12542685083692     
   16.0000000000000       0.300000000000000        3.30000000000000     
   8.00000000000000        2.54835139390492     
   16.0000000000000       0.300000000000000        3.30000000000000     
   9.00000000000000        3.02408389824790     
   16.0000000000000       0.300000000000000        3.30000000000000     
   10.0000000000000        3.43042933840694     
   16.0000000000000       0.300000000000000        3.30000000000000     
   11.0000000000000        3.75498800117148     
   16.0000000000000       0.300000000000000        3.70000000000000     
   1.00000000000000        7245.21761295138     
   16.0000000000000       0.300000000000000        3.70000000000000     
   2.00000000000000        929.820917761087     
   16.0000000000000       0.300000000000000        3.70000000000000     
   3.00000000000000        113.130039711924     
   16.0000000000000       0.300000000000000        3.70000000000000     
   4.00000000000000        17.9757338705180     
   16.0000000000000       0.300000000000000        3.70000000000000     
   5.00000000000000        4.04547338886550     
   16.0000000000000       0.300000000000000        3.70000000000000     
   6.00000000000000        2.17938326699399     
   16.0000000000000       0.300000000000000        3.70000000000000     
   7.00000000000000        2.41409407807288     
   16.0000000000000       0.300000000000000        3.70000000000000     
   8.00000000000000        2.94982051656924     
   16.0000000000000       0.300000000000000        3.70000000000000     
   9.00000000000000        3.43709477228337     
   16.0000000000000       0.300000000000000        3.70000000000000     
   10.0000000000000        3.82546728838619     
   16.0000000000000       0.300000000000000        3.70000000000000     
   11.0000000000000        4.12610453154004     
   16.0000000000000       0.300000000000000        4.10000000000000     
   1.00000000000000        6473.91319339816     
   16.0000000000000       0.300000000000000        4.10000000000000     
   2.00000000000000        735.222049618893     
   16.0000000000000       0.300000000000000        4.10000000000000     
   3.00000000000000        81.9190145521140     
   16.0000000000000       0.300000000000000        4.10000000000000     
   4.00000000000000        12.3202425587059     
   16.0000000000000       0.300000000000000        4.10000000000000     
   5.00000000000000        3.07105984688067     
   16.0000000000000       0.300000000000000        4.10000000000000     
   6.00000000000000        2.25266308679688     
   16.0000000000000       0.300000000000000        4.10000000000000     
   7.00000000000000        2.73509105157722     
   16.0000000000000       0.300000000000000        4.10000000000000     
   8.00000000000000        3.31326304908555     
   16.0000000000000       0.300000000000000        4.10000000000000     
   9.00000000000000        3.78860143838829     
   16.0000000000000       0.300000000000000        4.10000000000000     
   10.0000000000000        4.15246001153633     
   16.0000000000000       0.300000000000000        4.10000000000000     
   11.0000000000000        4.42752693149951     
   16.0000000000000       0.300000000000000        4.50000000000000     
   1.00000000000000        5817.88348459962     
   16.0000000000000       0.300000000000000        4.50000000000000     
   2.00000000000000        587.124110535802     
   16.0000000000000       0.300000000000000        4.50000000000000     
   3.00000000000000        60.5966991378498     
   16.0000000000000       0.300000000000000        4.50000000000000     
   4.00000000000000        8.75060972487100     
   16.0000000000000       0.300000000000000        4.50000000000000     
   5.00000000000000        2.60166175758356     
   16.0000000000000       0.300000000000000        4.50000000000000     
   6.00000000000000        2.43414918464043     
   16.0000000000000       0.300000000000000        4.50000000000000     
   7.00000000000000        3.04799504826636     
   16.0000000000000       0.300000000000000        4.50000000000000     
   8.00000000000000        3.63316789208648     
   16.0000000000000       0.300000000000000        4.50000000000000     
   9.00000000000000        4.08615638255177     
   16.0000000000000       0.300000000000000        4.50000000000000     
   10.0000000000000        4.42345524015103     
   16.0000000000000       0.300000000000000        4.50000000000000     
   11.0000000000000        4.67497822327095     
