  0.500000000000000       0.300000000000000       0.900000000000000     
  0.500000000000000        7.99693296266663     
  0.500000000000000       0.300000000000000       0.900000000000000     
  0.600000000000000        6.02970095502134     
  0.500000000000000       0.300000000000000       0.900000000000000     
  0.700000000000000        4.20129674352247     
  0.500000000000000       0.300000000000000       0.900000000000000     
  0.800000000000000        2.71793910506319     
  0.500000000000000       0.300000000000000       0.900000000000000     
  0.900000000000000        1.68490423690116     
  0.500000000000000       0.300000000000000       0.900000000000000     
   1.00000000000000        1.10191684006152     
  0.500000000000000       0.300000000000000       0.900000000000000     
   1.10000000000000       0.902886633328955     
  0.500000000000000       0.300000000000000       0.900000000000000     
   1.20000000000000       0.995427061080389     
  0.500000000000000       0.300000000000000       0.900000000000000     
   1.30000000000000        1.28864946026803     
  0.500000000000000       0.300000000000000       0.900000000000000     
   1.40000000000000        1.70621378219627     
  0.500000000000000       0.300000000000000       0.900000000000000     
   1.50000000000000        2.18963236154277     
  0.500000000000000       0.300000000000000        1.00000000000000     
  0.500000000000000        7.45018819007765     
  0.500000000000000       0.300000000000000        1.00000000000000     
  0.600000000000000        5.38482856949014     
  0.500000000000000       0.300000000000000        1.00000000000000     
  0.700000000000000        3.55816792984444     
  0.500000000000000       0.300000000000000        1.00000000000000     
  0.800000000000000        2.18060612340538     
  0.500000000000000       0.300000000000000        1.00000000000000     
  0.900000000000000        1.32192676578501     
  0.500000000000000       0.300000000000000        1.00000000000000     
   1.00000000000000       0.939561163681856     
  0.500000000000000       0.300000000000000        1.00000000000000     
   1.10000000000000       0.933442833251302     
  0.500000000000000       0.300000000000000        1.00000000000000     
   1.20000000000000        1.19152075239444     
  0.500000000000000       0.300000000000000        1.00000000000000     
   1.30000000000000        1.61506184749254     
  0.500000000000000       0.300000000000000        1.00000000000000     
   1.40000000000000        2.12779236784467     
  0.500000000000000       0.300000000000000        1.00000000000000     
   1.50000000000000        2.67596041182376     
  0.500000000000000       0.300000000000000        1.10000000000000     
  0.500000000000000        6.92472898158764     
  0.500000000000000       0.300000000000000        1.10000000000000     
  0.600000000000000        4.79059391134820     
  0.500000000000000       0.300000000000000        1.10000000000000     
  0.700000000000000        3.00343843570876     
  0.500000000000000       0.300000000000000        1.10000000000000     
  0.800000000000000        1.75805292506415     
  0.500000000000000       0.300000000000000        1.10000000000000     
  0.900000000000000        1.08364913030864     
  0.500000000000000       0.300000000000000        1.10000000000000     
   1.00000000000000       0.893648136008642     
  0.500000000000000       0.300000000000000        1.10000000000000     
   1.10000000000000        1.05893943981958     
  0.500000000000000       0.300000000000000        1.10000000000000     
   1.20000000000000        1.45436559068300     
  0.500000000000000       0.300000000000000        1.10000000000000     
   1.30000000000000        1.97862109895646     
  0.500000000000000       0.300000000000000        1.10000000000000     
   1.40000000000000        2.55925674968135     
  0.500000000000000       0.300000000000000        1.10000000000000     
   1.50000000000000        3.14859085400013     
  0.500000000000000       0.300000000000000        1.20000000000000     
  0.500000000000000        6.42254614915424     
  0.500000000000000       0.300000000000000        1.20000000000000     
  0.600000000000000        4.24864022447320     
  0.500000000000000       0.300000000000000        1.20000000000000     
  0.700000000000000        2.53014787692510     
  0.500000000000000       0.300000000000000        1.20000000000000     
  0.800000000000000        1.43677194396584     
  0.500000000000000       0.300000000000000        1.20000000000000     
  0.900000000000000       0.946976275168078     
  0.500000000000000       0.300000000000000        1.20000000000000     
   1.00000000000000       0.934982006272733     
  0.500000000000000       0.300000000000000        1.20000000000000     
   1.10000000000000        1.24896352127500     
  0.500000000000000       0.300000000000000        1.20000000000000     
   1.20000000000000        1.75563611004967     
  0.500000000000000       0.300000000000000        1.20000000000000     
   1.30000000000000        2.35589052700092     
  0.500000000000000       0.300000000000000        1.20000000000000     
   1.40000000000000        2.98316759470539     
  0.500000000000000       0.300000000000000        1.20000000000000     
   1.50000000000000        3.59640391766217     
  0.500000000000000       0.300000000000000        1.30000000000000     
  0.500000000000000        5.94456760178150     
  0.500000000000000       0.300000000000000        1.30000000000000     
  0.600000000000000        3.75667034137156     
  0.500000000000000       0.300000000000000        1.30000000000000     
  0.700000000000000        2.13269755667016     
  0.500000000000000       0.300000000000000        1.30000000000000     
  0.800000000000000        1.20143898153697     
  0.500000000000000       0.300000000000000        1.30000000000000     
  0.900000000000000       0.891530639810718     
  0.500000000000000       0.300000000000000        1.30000000000000     
   1.00000000000000        1.04087571257739     
  0.500000000000000       0.300000000000000        1.30000000000000     
   1.10000000000000        1.48110888773446     
  0.500000000000000       0.300000000000000        1.30000000000000     
   1.20000000000000        2.07639882050276     
  0.500000000000000       0.300000000000000        1.30000000000000     
   1.30000000000000        2.73246434135002     
  0.500000000000000       0.300000000000000        1.30000000000000     
   1.40000000000000        3.38972982517385     
  0.500000000000000       0.300000000000000        1.30000000000000     
   1.50000000000000        4.01404654211752     
  0.500000000000000       0.300000000000000        1.40000000000000     
  0.500000000000000        5.49027911040907     
  0.500000000000000       0.300000000000000        1.40000000000000     
  0.600000000000000        3.31427051802043     
  0.500000000000000       0.300000000000000        1.40000000000000     
  0.700000000000000        1.80400848255716     
  0.500000000000000       0.300000000000000        1.40000000000000     
  0.800000000000000        1.03957010218077     
  0.500000000000000       0.300000000000000        1.40000000000000     
  0.900000000000000       0.900244159021329     
  0.500000000000000       0.300000000000000        1.40000000000000     
   1.00000000000000        1.19311300611201     
  0.500000000000000       0.300000000000000        1.40000000000000     
   1.10000000000000        1.73921354389870     
  0.500000000000000       0.300000000000000        1.40000000000000     
   1.20000000000000        2.40377960701670     
  0.500000000000000       0.300000000000000        1.40000000000000     
   1.30000000000000        3.09935558540549     
  0.500000000000000       0.300000000000000        1.40000000000000     
   1.40000000000000        3.77355794592139     
  0.500000000000000       0.300000000000000        1.40000000000000     
   1.50000000000000        4.40026321308889     
  0.500000000000000       0.300000000000000        1.50000000000000     
  0.500000000000000        5.06167504281789     
  0.500000000000000       0.300000000000000        1.50000000000000     
  0.600000000000000        2.91998300910652     
  0.500000000000000       0.300000000000000        1.50000000000000     
  0.700000000000000        1.53692404202155     
  0.500000000000000       0.300000000000000        1.50000000000000     
  0.800000000000000       0.939664786498747     
  0.500000000000000       0.300000000000000        1.50000000000000     
  0.900000000000000       0.959191533624117     
  0.500000000000000       0.300000000000000        1.50000000000000     
   1.00000000000000        1.37833811281020     
  0.500000000000000       0.300000000000000        1.50000000000000     
   1.10000000000000        2.01161161057802     
  0.500000000000000       0.300000000000000        1.50000000000000     
   1.20000000000000        2.72944433439091     
  0.500000000000000       0.300000000000000        1.50000000000000     
   1.30000000000000        3.45101471463293     
  0.500000000000000       0.300000000000000        1.50000000000000     
   1.40000000000000        4.13337028115483     
  0.500000000000000       0.300000000000000        1.50000000000000     
   1.50000000000000        4.75575249622758     
  0.500000000000000       0.300000000000000        1.60000000000000     
  0.500000000000000        4.65844487532367     
  0.500000000000000       0.300000000000000        1.60000000000000     
  0.600000000000000        2.56993944388478     
  0.500000000000000       0.300000000000000        1.60000000000000     
  0.700000000000000        1.32465513830561     
  0.500000000000000       0.300000000000000        1.60000000000000     
  0.800000000000000       0.891110237109629     
  0.500000000000000       0.300000000000000        1.60000000000000     
  0.900000000000000        1.05703545673492     
  0.500000000000000       0.300000000000000        1.60000000000000     
   1.00000000000000        1.58562824504297     
  0.500000000000000       0.300000000000000        1.60000000000000     
   1.10000000000000        2.29023760232017     
  0.500000000000000       0.300000000000000        1.60000000000000     
   1.20000000000000        3.04715636824920     
  0.500000000000000       0.300000000000000        1.60000000000000     
   1.30000000000000        3.78535558700764     
  0.500000000000000       0.300000000000000        1.60000000000000     
   1.40000000000000        4.46857574881178     
  0.500000000000000       0.300000000000000        1.60000000000000     
   1.50000000000000        5.08207906364066     
  0.500000000000000       0.300000000000000        1.70000000000000     
  0.500000000000000        4.28023052847368     
  0.500000000000000       0.300000000000000        1.70000000000000     
  0.600000000000000        2.26240907321401     
  0.500000000000000       0.300000000000000        1.70000000000000     
  0.700000000000000        1.16087477272364     
  0.500000000000000       0.300000000000000        1.70000000000000     
  0.800000000000000       0.885408359387354     
  0.500000000000000       0.300000000000000        1.70000000000000     
  0.900000000000000        1.18433137402666     
  0.500000000000000       0.300000000000000        1.70000000000000     
   1.00000000000000        1.80709847058679     
  0.500000000000000       0.300000000000000        1.70000000000000     
   1.10000000000000        2.56896723171057     
  0.500000000000000       0.300000000000000        1.70000000000000     
   1.20000000000000        3.35430582487883     
  0.500000000000000       0.300000000000000        1.70000000000000     
   1.30000000000000        4.10089022664384     
  0.500000000000000       0.300000000000000        1.70000000000000     
   1.40000000000000        4.77946384691764     
  0.500000000000000       0.300000000000000        1.70000000000000     
   1.50000000000000        5.38123142235509     
  0.500000000000000       0.300000000000000        1.80000000000000     
  0.500000000000000        3.92797453175693     
  0.500000000000000       0.300000000000000        1.80000000000000     
  0.600000000000000        1.99442264921513     
  0.500000000000000       0.300000000000000        1.80000000000000     
  0.700000000000000        1.03972225831005     
  0.500000000000000       0.300000000000000        1.80000000000000     
  0.800000000000000       0.914866429469215     
  0.500000000000000       0.300000000000000        1.80000000000000     
  0.900000000000000        1.33371450774537     
  0.500000000000000       0.300000000000000        1.80000000000000     
   1.00000000000000        2.03686494651560     
  0.500000000000000       0.300000000000000        1.80000000000000     
   1.10000000000000        2.84387382994882     
  0.500000000000000       0.300000000000000        1.80000000000000     
   1.20000000000000        3.64885371298141     
  0.500000000000000       0.300000000000000        1.80000000000000     
   1.30000000000000        4.39761521729206     
  0.500000000000000       0.300000000000000        1.80000000000000     
   1.40000000000000        5.06794571909785     
  0.500000000000000       0.300000000000000        1.80000000000000     
   1.50000000000000        5.65556283301017     
  0.500000000000000       0.300000000000000        1.90000000000000     
  0.500000000000000        3.59973545561125     
  0.500000000000000       0.300000000000000        1.90000000000000     
  0.600000000000000        1.76268666449350     
  0.500000000000000       0.300000000000000        1.90000000000000     
  0.700000000000000       0.955806135144265     
  0.500000000000000       0.300000000000000        1.90000000000000     
  0.800000000000000       0.973195450180145     
  0.500000000000000       0.300000000000000        1.90000000000000     
  0.900000000000000        1.49939461505547     
  0.500000000000000       0.300000000000000        1.90000000000000     
   1.00000000000000        2.27025459032265     
  0.500000000000000       0.300000000000000        1.90000000000000     
   1.10000000000000        3.11260920599978     
  0.500000000000000       0.300000000000000        1.90000000000000     
   1.20000000000000        3.92942718887695     
  0.500000000000000       0.300000000000000        1.90000000000000     
   1.30000000000000        4.67544462943882     
  0.500000000000000       0.300000000000000        1.90000000000000     
   1.40000000000000        5.33497889173235     
  0.500000000000000       0.300000000000000        1.90000000000000     
   1.50000000000000        5.90723541385562     
