          %pt            TT            TS            SS            SS2j            Tot
        0.100    3.02528E-02    5.72550E-05    1.16639E-03    4.77169E-03    3.62481E-02
        0.299    3.03380E-02    2.73311E-04    1.39807E-03    7.83292E-03    3.98423E-02
        0.498    2.99945E-02    1.00370E-03    2.32825E-03    1.23553E-02    4.56817E-02
        0.697    2.86135E-02    2.54521E-03    3.71403E-03    1.72337E-02    5.21064E-02
        0.896    2.59352E-02    5.18005E-03    5.41964E-03    2.22143E-02    5.87492E-02
        1.095    2.21861E-02    9.25102E-03    7.39022E-03    2.73405E-02    6.61679E-02
        1.294    1.79085E-02    1.51434E-02    9.60963E-03    3.27164E-02    7.53780E-02
        1.493    1.36876E-02    2.31346E-02    1.20390E-02    3.83619E-02    8.72230E-02
        1.692    9.95593E-03    3.31562E-02    1.45630E-02    4.41391E-02    1.01814E-01
        1.891    6.92965E-03    4.45617E-02    1.69622E-02    4.97424E-02    1.18196E-01
        2.090    4.63998E-03    5.60115E-02    1.89210E-02    5.47337E-02    1.34306E-01
        2.289    3.00333E-03    6.55685E-02    2.00721E-02    5.86093E-02    1.47253E-01
        2.488    1.88731E-03    7.10646E-02    2.00790E-02    6.08826E-02    1.53914E-01
        2.687    1.15575E-03    7.07369E-02    1.87518E-02    6.11698E-02    1.51814E-01
        2.886    6.91967E-04    6.40526E-02    1.61858E-02    5.92723E-02    1.40203E-01
        3.085    4.06180E-04    5.24945E-02    1.28960E-02    5.52427E-02    1.21039E-01
        3.284    2.34320E-04    3.95506E-02    9.81943E-03    4.43555E-02    9.39599E-02
        3.483    1.33125E-04    2.83668E-02    7.51330E-03    3.06226E-02    6.66358E-02
        3.682    7.46170E-05    1.99357E-02    5.80372E-03    2.14039E-02    4.72179E-02
        3.881    4.13250E-05    1.39597E-02    4.52333E-03    1.51361E-02    3.36604E-02
        4.080    2.26444E-05    9.82021E-03    3.55506E-03    1.08224E-02    2.42203E-02
        4.279    1.22907E-05    6.96500E-03    2.81614E-03    7.81921E-03    1.76126E-02
        4.478    6.61452E-06    4.98706E-03    2.24738E-03    5.70542E-03    1.29465E-02
        4.677    3.53264E-06    3.60583E-03    1.80603E-03    4.20209E-03    9.61748E-03
        4.876    1.87375E-06    2.63222E-03    1.46094E-03    3.12236E-03    7.21740E-03
        5.075    9.87697E-07    1.93928E-03    1.18915E-03    2.33959E-03    5.46901E-03
        5.274    5.17714E-07    1.44137E-03    9.73630E-04    1.76705E-03    4.18256E-03
        5.473    2.69982E-07    1.08029E-03    8.01618E-04    1.34474E-03    3.22692E-03
        5.672    1.40139E-07    8.16125E-04    6.63489E-04    1.03073E-03    2.51049E-03
        5.871    7.24329E-08    6.21234E-04    5.51920E-04    7.95467E-04    1.96869E-03
        6.070    3.72927E-08    4.76295E-04    4.61305E-04    6.17903E-04    1.55554E-03
        6.269    1.91321E-08    3.67681E-04    3.87320E-04    4.82967E-04    1.23799E-03
        6.468    9.78317E-09    2.85694E-04    3.26608E-04    3.79742E-04    9.92054E-04
        6.667    4.98752E-09    2.23376E-04    2.76551E-04    3.00275E-04    8.00207E-04
        6.866    2.53560E-09    1.75695E-04    2.35088E-04    2.38723E-04    6.49508E-04
        7.065    1.28575E-09    1.38980E-04    2.00593E-04    1.90777E-04    5.30352E-04
        7.264    6.50425E-10    1.10538E-04    1.71777E-04    1.53220E-04    4.35535E-04
        7.463    3.28305E-10    8.83763E-05    1.47606E-04    1.23643E-04    3.59626E-04
        7.662    1.65372E-10    7.10120E-05    1.27256E-04    1.00233E-04    2.98501E-04
        7.861    8.31412E-11    5.73338E-05    1.10058E-04    8.16119E-05    2.49003E-04
        8.060    4.17248E-11    4.65037E-05    9.54725E-05    6.67289E-05    2.08705E-04
        8.259    2.09049E-11    3.78864E-05    8.30614E-05    5.47830E-05    1.75731E-04
        8.458    1.04574E-11    3.09971E-05    7.24659E-05    4.51505E-05    1.48614E-04
        8.657    5.22356E-12    2.54642E-05    6.33920E-05    3.73510E-05    1.26207E-04
        8.856    2.60563E-12    2.10012E-05    5.55979E-05    3.10108E-05    1.07610E-04
        9.055    1.29808E-12    1.73861E-05    4.88835E-05    2.58366E-05    9.21063E-05
        9.254    6.45899E-13    1.44462E-05    4.30830E-05    2.15981E-05    7.91273E-05
        9.453    3.21021E-13    1.20461E-05    3.80584E-05    1.81137E-05    6.82182E-05
        9.652    1.59381E-13    1.00795E-05    3.36946E-05    1.52391E-05    5.90133E-05
        9.851    7.90496E-14    8.46245E-06    2.98951E-05    1.28596E-05    5.12172E-05
       10.050    3.91695E-14    7.12816E-06    2.65788E-05    1.08835E-05    4.45905E-05
       10.249    1.93912E-14    6.02342E-06    2.36776E-05    9.23698E-06    3.89380E-05
       10.448    9.59158E-15    5.10579E-06    2.11335E-05    7.86114E-06    3.41004E-05
       10.647    4.74049E-15    4.34114E-06    1.88978E-05    6.70802E-06    2.99469E-05
       10.846    2.34112E-15    3.70198E-06    1.69288E-05    5.73879E-06    2.63696E-05
       11.045    1.15534E-15    3.16605E-06    1.51912E-05    4.92184E-06    2.32791E-05
       11.244    5.69759E-16    2.71545E-06    1.36546E-05    4.23136E-06    2.06015E-05
       11.443    2.80795E-16    2.33542E-06    1.22932E-05    3.64631E-06    1.82750E-05
       11.642    1.38298E-16    2.01404E-06    1.10847E-05    3.14928E-06    1.62481E-05
       11.841    6.80744E-17    1.74149E-06    1.00100E-05    2.72598E-06    1.44775E-05
       12.040    3.34892E-17    1.50971E-06    9.05255E-06    2.36456E-06    1.29268E-05
       12.239    1.64661E-17    1.31209E-06    8.19809E-06    2.05548E-06    1.15657E-05
       12.438    8.09195E-18    1.14315E-06    7.43423E-06    1.79034E-06    1.03677E-05
       12.637    3.97467E-18    9.98339E-07    6.75027E-06    1.56245E-06    9.31106E-06
       12.836    1.95139E-18    8.73880E-07    6.13690E-06    1.36618E-06    8.37696E-06
       13.035    9.57617E-19    7.66662E-07    5.58593E-06    1.19678E-06    7.54937E-06
       13.234    4.69734E-19    6.74077E-07    5.09032E-06    1.05025E-06    6.81465E-06
       13.433    2.30321E-19    5.93875E-07    4.64383E-06    9.23279E-07    6.16099E-06
       13.632    1.12887E-19    5.24292E-07    4.24100E-06    8.13047E-07    5.57834E-06
       13.831    5.53079E-20    4.63745E-07    3.87709E-06    7.17130E-07    5.05797E-06
       14.030    2.70878E-20    4.10963E-07    3.54788E-06    6.33531E-07    4.59237E-06
       14.229    1.32620E-20    3.64851E-07    3.24968E-06    5.60550E-07    4.17508E-06
       14.428    6.49083E-21    3.24479E-07    2.97919E-06    4.96723E-07    3.80039E-06
       14.627    3.17578E-21    2.89070E-07    2.73354E-06    4.40815E-07    3.46343E-06
       14.826    1.55334E-21    2.57986E-07    2.51018E-06    3.91770E-07    3.15994E-06
       15.025    7.59544E-22    2.30623E-07    2.30687E-06    3.48651E-07    2.88614E-06
       15.224    3.71292E-22    2.06545E-07    2.12156E-06    3.10703E-07    2.63881E-06
       15.423    1.81451E-22    1.85322E-07    1.95249E-06    2.77250E-07    2.41506E-06
       15.622    8.86515E-23    1.66600E-07    1.79803E-06    2.47722E-07    2.21235E-06
       15.821    4.33015E-23    1.50057E-07    1.65682E-06    2.21613E-07    2.02849E-06
       16.020    2.11452E-23    1.35421E-07    1.52754E-06    1.98499E-07    1.86146E-06
       16.219    1.03233E-23    1.22453E-07    1.40908E-06    1.78004E-07    1.70954E-06
       16.418    5.03878E-24    1.10941E-07    1.30044E-06    1.59813E-07    1.57119E-06
       16.617    2.45887E-24    1.00703E-07    1.20069E-06    1.43639E-07    1.44503E-06
       16.816    1.19965E-24    9.15773E-08    1.10903E-06    1.29244E-07    1.32985E-06
       17.015    5.85170E-25    8.34348E-08    1.02472E-06    1.16414E-07    1.22457E-06
       17.214    2.85380E-25    7.61464E-08    9.47113E-07    1.04960E-07    1.12822E-06
       17.413    1.39149E-25    6.96177E-08    8.75598E-07    9.47306E-08    1.03995E-06
       17.612    6.78357E-26    6.37537E-08    8.09661E-07    8.55796E-08    9.58994E-07
       17.811    3.30641E-26    5.84737E-08    7.48799E-07    7.73815E-08    8.84654E-07
       18.010    1.61131E-26    5.37111E-08    6.92607E-07    7.00343E-08    8.16353E-07
       18.209    7.85107E-27    4.94136E-08    6.40662E-07    6.34379E-08    7.53513E-07
       18.408    3.82479E-27    4.55130E-08    5.92617E-07    5.75065E-08    6.95636E-07
       18.607    1.86302E-27    4.19799E-08    5.48159E-07    5.21763E-08    6.42315E-07
       18.806    9.07317E-28    3.87631E-08    5.06986E-07    4.73739E-08    5.93123E-07
       19.005    4.41812E-28    3.58300E-08    4.68841E-07    4.30467E-08    5.47718E-07
       19.204    2.15106E-28    3.31523E-08    4.33474E-07    3.91409E-08    5.05767E-07
       19.403    1.04714E-28    3.07036E-08    4.00664E-07    3.56126E-08    4.66980E-07
       19.602    5.09685E-29    2.84564E-08    3.70214E-07    3.24234E-08    4.31094E-07
       19.801    2.48050E-29    2.63939E-08    3.41947E-07    2.95361E-08    3.97877E-07
